phi1 phi2 depth orientation nfa octave
1.71218 -1.49706 428 -1 22.4725 0
1.4778 -1.458 379 -1 23.1927 0
1.63405 -1.41894 249 -1 26.8072 0
2.33718 -1.7705 302 -1 18.9587 0
1.82936 -2.20019 301 -1 24.5148 0
1.59499 -1.49706 305 -1 45.1025 0
1.55593 -2.27831 297 -1 42.1592 0
2.45436 -1.49706 299 -1 43.038 0
1.63405 -1.49706 267 1 29.9586 0
1.55593 -1.49706 277 1 33.9497 0
1.82936 -1.61425 358 1 26.2173 0
1.55593 -1.458 368 1 33.6034 0
1.71218 -1.57519 228 1 39.1078 0
1.55593 -1.26269 331 -1 30.0886 0
-2.07689 -1.49706 331 -1 47.7648 0
1.75124 -1.53613 218 1 35.5001 0
3.50905 -1.69238 445 1 33.6778 0
1.63405 -1.41894 445 1 48.0245 0
1.20436 -1.57519 402 1 43.6593 0
0.891863 -5.09081 399 1 43.2081 0
5.5403 -1.69238 403 1 48.9 0
1.63405 -1.458 189 -1 49.525 0
1.55593 -1.41894 182 -1 36.3997 0
3.46999 -1.57519 400 1 48.7604 0
1.43874 -1.49706 399 1 50.0715 0
1.24343 -1.57519 181 -1 42.4518 0
1.63405 -1.80956 167 -1 49.539 0
-0.358137 -1.49706 405 1 52.2802 0
5.5403 -1.30175 406 1 50.5735 0
0.891863 -1.34081 409 1 47.0247 0
1.86843 -1.69238 203 -1 32.1612 0
1.7903 -1.49706 166 -1 42.1619 0
1.63405 -1.49706 201 -1 47.857 0
1.33982 -1.38034 659 -1 16.1867 0
1.2617 -1.22409 603 -1 19.9891 0
1.10545 -1.22409 548 1 25.9029 0
1.18357 -1.26315 384 -1 16.4329 0
0.910133 -1.61471 604 -1 30.0145 0
0.988258 -1.69284 548 1 39.9186 0
0.949196 -1.61471 383 -1 35.0393 0
1.14451 -1.57565 657 -1 36.0401 0
1.73045 -1.69284 507 -1 12.7349 0
1.84763 -1.77096 515 -1 25.9145 0
1.18357 -1.34127 555 1 39.4226 0
1.02732 -1.88815 513 -1 46.1946 0
1.02732 -1.69284 516 -1 52.8939 0
0.949196 -0.989711 404 1 28.2975 0
1.41795 -1.69284 401 1 44.4662 0
0.480446 -4.58346 405 1 35.7113 0
1.37888 -1.7319 406 1 43.824 0
-1.00393 -1.49752 402 1 46.0638 0
1.22263 -0.950648 326 -1 23.4237 0
1.80857 -1.7319 299 -1 15.2611 0
0.597633 -1.65377 318 -1 48.8285 0
1.92576 -1.7319 699 -1 36.2354 0
0.910133 -1.88815 640 -1 40.8431 0
1.02732 -1.7319 319 -1 47.2869 0
1.02732 -1.65377 698 -1 50.2546 0
0.402321 -3.68502 406 1 37.0167 0
1.53513 -1.96627 296 -1 38.2227 0
2.62888 -2.16159 353 1 35.134 0
2.98045 -1.7319 351 1 40.0029 0
1.02732 -0.872523 358 1 43.3069 0
1.37888 -1.34127 581 1 20.2306 0
1.37888 -1.45846 463 1 36.976 0
2.62888 -1.96627 460 1 34.8039 0
1.02732 2.05716 463 1 50.7114 0
1.18357 -1.69284 462 1 47.0522 0
4.89451 -1.7319 458 1 52.6106 0
1.45701 -1.7319 584 1 35.7926 0
0.714821 -1.69284 628 -1 47.7034 0
-1.04299 -1.81002 408 1 50.3561 0
5.71482 -1.92721 625 -1 48.527 0
0.988258 -1.69284 629 -1 51.257 0
1.76951 -1.81002 360 1 49.8835 0
1.06638 -1.57565 582 1 50.5173 0
0.988258 2.21341 403 1 48.7343 0
1.49737 -1.22271 659 -1 15.6916 0
1.53643 -1.18365 580 1 19.6941 0
1.263 -1.22271 603 -1 19.9901 0
1.65362 -0.832085 606 -1 37.5446 0
1.18487 -1.06646 550 1 25.5877 0
1.61456 -0.91021 549 1 35.8405 0
1.38018 -1.26177 626 -1 24.7308 0
1.61456 -1.10552 624 -1 42.1571 0
1.65362 -1.22271 785 -1 30.4866 0
1.18487 -0.949272 810 1 33.5113 0
1.41925 -0.871147 808 1 44.7674 0
1.80987 -1.80865 698 -1 37.027 0
2.08331 -1.41802 699 -1 38.8921 0
5.71612 -2.98052 689 -1 42.7128 0
-2.56513 -0.636772 693 -1 48.4587 0
5.52081 -3.01958 698 -1 43.5568 0
1.65362 -1.92583 695 -1 46.8401 0
-2.25263 -0.949272 692 -1 50.0581 0
2.04425 -1.0274 694 -1 51.3412 0
1.65362 -1.06646 691 -1 52.2574 0
1.53643 -1.92583 774 -1 34.9424 0
1.65362 -1.45708 935 -1 35.5179 0
2.00518 -1.80865 931 -1 43.8921 0
1.49737 -0.949272 713 -1 48.4856 0
1.80987 -1.18365 771 -1 45.9083 0
1.5755 -1.22271 565 -1 32.8038 0
1.61456 -1.10552 727 1 47.343 0
-2.33075 -1.0274 769 -1 45.944 0
1.69268 2.68354 823 1 47.6026 0
1.45831 -1.22271 677 1 48.2638 0
3.52862 -1.0274 676 1 49.9074 0
5.52081 -0.988335 753 -1 47.6073 0
1.61456 -0.949272 751 -1 50.7314 0
1.65362 -1.41802 761 -1 50.299 0
5.59893 -1.14458 758 -1 48.3305 0
1.14581 -0.832085 858 1 39.0421 0
1.65362 -1.80865 851 -1 42.538 0
0.87237 -0.949272 859 1 48.2934 0
1.45831 -0.988335 856 1 46.9223 0
2.04425 -2.00396 826 1 45.2603 0
0.87237 -1.06646 741 -1 50.7171 0
1.65362 0.925728 842 -1 41.4094 0
1.69268 -0.91021 843 -1 48.5808 0
1.65362 -1.49615 871 1 46.2731 0
1.65362 -0.91021 594 1 38.165 0
1.45831 -0.949272 838 -1 49.8786 0
1.51663 -1.45777 1158 -1 14.3063 0
2.14163 -1.45777 1118 1 13.0407 0
1.51663 -2.12184 1119 1 14.8158 0
2.4932 -1.02809 1117 1 32.4715 0
1.98538 -1.37965 1125 1 32.7009 0
1.47757 -1.18434 1175 -1 20.9116 0
1.51663 -1.30152 1181 -1 34.4437 0
0.930697 -2.23902 1117 1 31.1195 0
2.1807 -1.49684 1111 1 43.1702 0
0.735384 -1.26246 1108 1 48.0271 0
1.5557 -1.96559 1112 1 48.1666 0
1.5557 -1.18434 1098 1 49.2679 0
1.67288 -1.37965 1204 1 27.9241 0
2.10257 -1.26246 1201 1 31.0818 0
1.51663 -1.41871 936 -1 35.5431 0
1.67288 -1.37965 1210 1 38.4938 0
1.5557 -1.41871 1045 -1 38.858 0
1.51663 -1.77027 1199 1 46.3872 0
1.47757 -1.26246 992 1 42.4804 0
1.79007 -1.37965 819 1 40.0483 0
1.82913 -1.49684 867 1 39.3308 0
1.5557 -1.77027 820 1 46.0326 0
1.59476 -1.30152 870 1 43.9872 0
1.43851 -2.1609 821 1 49.8134 0
1.51663 -1.37965 1072 -1 46.6363 0
1.5557 -1.45777 1006 -1 45.781 0
1.32132 -2.23902 1042 -1 40.7482 0
1.32132 -2.35621 1031 -1 42.9033 0
1.67288 -1.77027 953 1 42.9115 0
1.51663 -2.1609 1033 -1 46.8611 0
2.4932 -1.49684 946 1 45.0525 0
1.43851 -1.2234 1080 -1 32.5073 0
1.12601 -1.30152 1081 -1 45.1577 0
1.59476 -1.45777 1034 -1 48.7419 0
3.50882 -5.2859 1027 -1 50.3491 0
-2.03805 -1.41871 945 1 45.3281 0
1.79007 -1.37965 800 1 42.3053 0
1.47757 -1.30152 801 1 51.6948 0
1.51663 -5.2859 1045 -1 49.9932 0
1.59476 -3.13746 846 -1 49.332 0
2.10257 0.534415 848 -1 47.4946 0
1.59476 -1.34059 910 1 50.8594 0
1.63382 -0.559335 848 -1 47.9423 0
1.5557 -1.14527 843 -1 44.4075 0
-2.38962 -2.23902 952 1 48.7194 0
1.90726 -5.2859 963 1 48.8801 0
1.51663 -1.37965 878 -1 50.7283 0
0.557577 0.0880626 1434 -1 3.91371 0
0.401327 0.283375 1462 1 17.2732 0
0.44039 0.322438 1469 1 34.3004 0
0.401327 0.20525 1449 1 25.2522 0
0.713827 -0.0681874 1246 1 35.8756 0
0.674765 -1.31819 1251 1 29.5356 0
0.479452 -0.771312 1244 1 46.7609 0
1.18258 0.166188 1243 1 48.7384 0
2.78414 -0.302562 1233 1 42.412 0
0.44039 0.0880626 1039 -1 48.3169 0
0.479452 -0.302562 1105 1 33.9282 0
0.674765 -0.10725 1107 1 45.954 0
0.362265 0.0880626 1045 1 47.5689 0
1.02633 -0.8885 1097 1 37.9309 0
0.870077 -0.693187 1102 1 37.869 0
0.0107021 0.674 1347 1 43.5984 0
1.33883 0.869313 1270 1 45.9474 0
0.479452 1.96306 1269 1 48.3688 0
0.401327 0.439625 1310 -1 39.9868 0
0.362265 0.478688 1480 -1 39.1054 0
0.557577 0.0880626 1347 1 46.8091 0
-1.35649 0.0880626 1266 1 48.5157 0
-3.4268 0.0880626 1238 1 50.4292 0
0.59664 0.127125 1311 -1 50.0912 0
2.39351 0.0490001 1222 1 37.5809 0
0.479452 0.51775 1342 1 43.8391 0
0.401327 3.21306 1223 1 44.5159 0
0.479452 0.9865 1265 1 50.7173 0
0.518515 -0.0681874 1189 -1 50.0186 0
0.870077 3.799 1220 1 46.5905 0
1.2607 0.869313 1162 1 40.0478 0
1.5732 4.07244 1210 1 49.6583 0
3.68258 -0.10725 1376 1 45.6255 0
-0.301798 0.556813 1264 1 50.441 0
0.674765 -0.302562 1179 1 47.4092 0
0.479452 -1.78694 1203 -1 44.8557 0
4.85445 0.0880626 1385 1 50.782 0
0.635702 0.0490001 1181 1 50.9618 0
1.76851 -0.0681874 1204 -1 38.7907 0
0.479452 0.0880626 1221 1 49.3091 0
4.42476 0.83025 1177 1 48.7698 0
0.674765 -3.81819 1207 -1 46.7097 0
0.479452 0.0880626 1303 1 50.2023 0
0.264188 -0.224972 1513 1 10.9107 0
0.264188 -0.146847 1542 1 22.9661 0
0.264188 -0.18591 1504 -1 26.7168 0
0.264188 -0.146847 1734 -1 23.9991 0
0.147 -0.18591 1592 1 25.8275 0
0.654813 0.048465 1435 -1 2.76618 0
0.342313 0.321903 1435 -1 28.6239 0
0.264188 -0.107785 1433 -1 38.508 0
0.147 -0.107785 1532 -1 29.1108 0
0.420438 -0.381222 1672 1 31.075 0
0.420438 0.28284 1462 1 16.9926 0
-0.126437 -0.146847 1459 1 39.5232 0
1.04544 -0.107785 1457 1 45.2819 0
0.4595 -0.107785 1669 1 46.4615 0
3.38919 0.165653 1447 1 41.6034 0
2.37356 -0.18591 1460 1 47.3413 0
0.147 0.400028 1455 1 45.5812 0
1.24075 3.72034 1454 1 49.9289 0
0.576688 -0.18591 1488 -1 37.4144 0
0.225125 -0.146847 1492 -1 45.2436 0
0.186063 -0.18591 1483 -1 48.6532 0
2.25638 -0.18591 1470 1 49.5678 0
-0.595187 -3.15466 1453 1 43.1454 0
0.576688 0.556278 1467 1 48.6792 0
4.28763 -0.459347 1450 1 47.9446 0
-1.61081 -0.146847 1450 1 49.5123 0
0.225125 0.321903 1551 -1 39.8236 0
-0.204562 -4.09216 1452 1 49.4511 0
0.0688754 -4.13122 1472 1 48.9266 0
-0.126437 -2.45153 1449 1 51.5091 0
4.13138 0.829715 1471 1 46.056 0
0.264188 -0.107785 1272 1 49.8637 0
0.381375 -1.35778 1571 1 40.8884 0
4.24856 -0.34216 1471 1 49.9259 0
0.264188 -4.13122 1576 1 44.1038 0
0.693875 -4.3656 1567 1 42.9723 0
-0.126437 -0.459347 1318 1 42.6391 0
1.24075 -0.18591 1573 1 44.2074 0
0.186063 -0.224972 1316 1 45.6226 0
0.693875 -0.264035 1289 1 47.9365 0
0.342313 -0.107785 1292 1 48.84 0
0.186063 -0.146847 1711 -1 53.0875 0
-0.556125 0.00940252 1363 1 46.0338 0
0.30325 -0.18591 1355 -1 52.2126 0
0.264188 -0.224972 1361 1 47.3163 0
0.0688754 -0.18591 1413 -1 47.3968 0
1.22309 -1.16392 1839 -1 8.79188 0
1.34028 -1.12486 1788 -1 15.3137 0
1.30122 -1.0858 1635 1 17.2236 0
1.02778 -1.00767 1715 -1 30.4006 0
1.14497 -1.24205 1691 1 23.5887 0
1.02778 -1.16392 1805 1 24.5614 0
1.26215 -1.04674 1687 1 40.2215 0
1.45747 -1.00767 1621 1 21.9562 0
1.49653 -0.734237 1736 -1 29.9454 0
1.18403 -1.3983 1620 1 37.8455 0
1.30122 -0.92955 1806 1 38.6989 0
1.02778 -1.0858 1818 1 26.0629 0
1.4184 -1.12486 1735 -1 41.8432 0
1.18403 -0.92955 1816 1 44.1045 0
1.14497 -0.851425 1744 -1 43.6966 0
2.82465 -1.00767 1734 -1 42.2264 0
1.22309 -1.04674 1936 -1 33.241 0
0.402779 -0.226425 1738 -1 44.3151 0
1.14497 -1.00767 1654 1 35.6604 0
0.910592 -1.16392 1886 -1 22.1816 0
1.4184 -0.851425 1888 -1 48.2094 0
0.832467 -1.63267 1884 -1 42.8826 0
1.22309 -1.00767 1672 1 43.7456 0
1.18403 -1.0858 1762 -1 48.9207 0
1.22309 -1.20299 1574 -1 37.3677 0
0.988717 -1.0858 1961 1 31.8685 0
1.06684 -0.92955 1575 -1 51.7179 0
1.14497 -1.00767 1951 -1 42.6014 0
1.30122 -0.734237 1535 1 45.2557 0
1.30122 -1.7108 1865 1 37.798 0
1.26215 -1.0858 1533 1 46.6858 0
1.18403 -0.7733 1586 1 44.6121 0
1.22309 -2.06236 1539 1 43.2445 0
0.715279 -1.20299 1560 1 43.6889 0
0.480904 -1.67174 1859 1 46.2066 0
0.910592 -0.92955 1771 1 43.2922 0
1.06684 2.19545 1861 1 46.781 0
-0.417533 -1.0858 1566 1 46.9562 0
0.832467 -0.421737 1563 1 48.1632 0
1.14497 -1.51549 1858 1 46.2517 0
1.65278 1.02358 1545 1 48.895 0
1.26215 -1.00767 1862 1 48.5279 0
1.22309 -0.92955 1566 1 50.7354 0
1.22309 -1.28111 1916 1 46.4173 0
1.22309 -0.890487 1925 1 47.7679 0
1.14497 -1.32017 1541 1 49.7778 0
-0.730033 -1.04674 1875 1 49.8098 0
1.22309 -0.92955 1874 1 51.5404 0
0.675147 -0.341931 2108 1 25.0556 0
1.10483 0.00963185 2106 1 42.2377 0
0.792334 0.0877568 1954 -1 39.8367 0
0.753272 -0.146618 1956 -1 46.2863 0
0.675147 -0.0684932 2214 -1 46.3655 0
1.37827 0.0877568 2042 -1 38.154 0
0.714209 -0.0684932 1919 1 47.1344 0
1.33921 -0.0294307 2038 -1 45.4586 0
0.831397 -0.0684932 2034 -1 51.2443 0
1.4564 0.00963185 2048 -1 43.1914 0
1.57358 -0.263806 2150 -1 39.8038 0
1.22202 -1.70912 2149 -1 28.6044 0
-0.184228 0.0486943 1899 1 46.0915 0
0.401709 -0.0294307 1910 -1 39.8839 0
0.753272 -0.0294307 1898 1 48.4793 0
1.26108 -0.0684932 1773 -1 38.5836 0
0.401709 -1.63099 1776 -1 42.5744 0
2.7064 -0.0294307 1867 -1 45.4735 0
0.597022 -0.263806 1975 1 44.0499 0
1.10483 -1.27943 1909 -1 45.5107 0
1.80796 0.00963185 1927 -1 43.3939 0
0.675147 0.126819 1866 -1 51.1103 0
1.1439 -0.927868 2085 1 11.3814 0
1.4564 -0.0684932 1856 -1 48.0609 0
1.84702 0.322132 2023 1 42.2647 0
0.636084 -0.146618 1773 -1 48.5517 0
2.62827 -2.09974 2087 1 45.7406 0
0.167334 -0.0684932 2224 1 39.2473 0
0.479834 -0.146618 1984 -1 47.7876 0
1.06577 -0.185681 2056 1 41.9001 0
2.23765 -0.0684932 1805 -1 40.1417 0
2.7064 -0.302868 2069 1 49.6062 0
0.909522 -0.0684932 1967 1 46.7181 0
0.675147 2.00182 2065 1 52.2617 0
1.06577 -1.63099 2064 1 39.1185 0
0.636084 0.00963185 2156 -1 49.6106 0
1.4564 0.0877568 2198 1 41.8341 0
0.323278 0.263882 2243 1 37.0506 0
0.557653 0.0685696 2247 1 47.3686 0
0.635778 -0.322055 2107 1 25.2423 0
0.909216 -0.126743 2108 1 45.1564 0
0.362341 0.185757 2193 1 47.0325 0
0.518591 0.146695 2216 -1 47.5173 0
1.26078 0.146695 2107 1 47.3524 0
-3.46578 0.22482 2294 -1 47.3069 0
1.29984 0.0295071 2042 -1 38.1528 0
0.518591 -1.22049 2418 -1 36.183 0
-0.106409 -1.65018 2043 -1 34.7217 0
0.323278 -1.53299 2043 -1 31.2222 0
0.557653 0.185757 2295 -1 49.9983 0
0.127966 0.0295071 2385 -1 43.0426 0
0.401403 0.0295071 2305 1 46.8085 0
0.557653 0.0295071 2384 -1 50.9541 0
0.0889035 -1.65018 2098 1 36.9992 0
-3.50485 1.27951 2043 -1 46.6438 0
0.479528 0.146695 2416 -1 48.1852 0
1.26078 0.53732 2469 -1 27.1183 0
0.596716 -0.204868 2056 1 42.0902 0
0.518591 0.459195 2045 -1 49.9959 0
1.37797 0.107632 2468 -1 39.3628 0
0.909216 -1.88456 2059 1 39.8768 0
2.12015 0.0685696 2065 1 48.1109 0
4.4639 -0.282993 2072 -1 48.4581 0
1.6514 -0.00955541 2049 -1 43.6939 0
0.479528 -0.361118 2066 1 39.5014 0
4.42484 -0.24393 2078 -1 51.1068 0
1.41703 0.185757 2026 1 41.4755 0
1.3389 -0.322055 2024 1 45.977 0
4.19047 0.107632 2025 1 47.7386 0
0.713903 0.0295071 2067 1 50.6543 0
4.58109 -0.00955541 2079 -1 48.6228 0
0.479528 -0.0876804 2228 1 42.0162 0
0.245153 0.107632 2171 -1 50.9432 0
0.557653 0.107632 2172 -1 52.4095 0
0.518591 0.0685696 2154 -1 51.0556 0
-3.15328 0.185757 2105 1 51.7153 0
2.47172 -0.634555 2113 1 46.4441 0
2.47172 -1.92362 2046 -1 48.4448 0
1.49515 0.107632 2095 1 49.8467 0
1.10453 0.185757 2099 1 51.5136 0
-3.58297 0.0295071 2097 1 47.7982 0
2.47172 -1.76737 2108 1 43.667 0
2.43265 0.107632 2026 1 50.385 0
1.88578 2.09982 2080 -1 46.7621 0
2.47172 -1.84549 2090 1 47.4921 0
0.479528 0.576382 2267 1 35.841 0
2.23734 0.0685696 2336 1 44.4102 0
0.987341 0.38107 2076 -1 50.8156 0
0.440466 4.48263 2091 1 49.1584 0
1.49515 -0.165805 2184 -1 40.7114 0
0.65573 0.244695 2583 1 25.2501 0
0.890105 0.47907 2663 -1 25.1415 0
0.733855 0.0884448 2675 1 30.4983 0
0.772918 0.283757 2510 -1 38.3723 0
0.733855 0.63532 2465 -1 28.8985 0
2.45261 0.63532 2463 -1 37.9739 0
1.00729 0.32282 2466 -1 40.6189 0
0.538543 0.752507 2535 1 37.3216 0
0.81198 1.06501 2539 1 42.0746 0
0.733855 0.205632 2537 1 45.7692 0
0.304168 0.400945 2484 -1 32.8624 0
-0.12552 2.23688 2486 -1 45.2963 0
0.694793 0.440007 2484 -1 48.4859 0
0.49948 0.283757 2377 -1 45.9749 0
0.733855 -4.48187 2442 -1 46.2685 0
0.81198 0.32282 2441 -1 50.5812 0
1.55417 0.205632 2406 -1 35.633 0
1.86667 0.0884448 2639 1 38.8679 0
2.14011 0.674382 2642 1 43.5214 0
0.772918 0.557195 2409 -1 45.4879 0
0.772918 -1.66937 2420 -1 46.9174 0
0.733855 0.283757 2407 -1 53.2774 0
0.49948 0.205632 2295 -1 49.0744 0
-3.09427 0.283757 2286 -1 45.9475 0
0.733855 0.400945 2293 -1 49.9594 0
0.733855 0.32282 2495 1 38.6841 0
0.65573 0.283757 2286 1 49.645 0
0.733855 0.47907 2323 -1 47.1586 0
1.10568 -1.3785 2943 -1 2.29844 0
1.37911 -0.870689 2941 -1 15.8457 0
1.53536 -1.26131 2950 -1 35.7112 0
1.10568 -0.870689 2663 1 27.2629 0
1.14474 -1.066 2634 -1 14.7928 0
1.4963 -0.792564 2635 -1 38.8462 0
1.02755 -0.870689 2600 1 33.2591 0
0.988488 -0.870689 2616 1 31.6911 0
1.10568 -0.987876 2547 -1 29.9953 0
0.675988 -0.792564 2890 1 34.726 0
1.02755 -0.753501 2889 1 43.7489 0
0.910363 -0.870689 2915 -1 37.4804 0
1.06661 -1.066 2825 1 26.7797 0
1.4963 -0.987876 2759 1 38.395 0
1.4963 -0.792564 2756 1 46.7745 0
0.910363 -0.987876 2719 -1 43.2413 0
2.08224 -1.066 2755 1 39.1713 0
1.06661 -0.792564 2561 1 45.8566 0
1.10568 -0.870689 2758 1 48.6081 0
1.22286 -1.49569 2826 1 41.7896 0
1.10568 -0.792564 2826 1 48.5774 0
1.1838 -1.33944 2845 -1 13.1364 0
1.45724 -1.18319 2869 1 26.6882 0
0.988488 -0.792564 2536 -1 46.2498 0
1.30099 -0.753501 2744 -1 40.2363 0
1.30099 -1.14413 2841 -1 38.4085 0
0.910363 -1.02694 2792 -1 45.0736 0
1.34005 -0.792564 2841 -1 50.184 0
-0.3787 -0.948814 2791 -1 42.6223 0
1.26193 -0.948814 2794 -1 43.9636 0
1.57443 -1.3785 2689 -1 19.525 0
1.26193 -1.18319 2781 -1 33.3595 0
1.34005 -0.675376 2805 1 38.0011 0
1.4963 -0.831626 2783 -1 48.7493 0
-0.886512 -0.831626 2709 1 42.0474 0
0.949425 -0.753501 2707 1 45.9701 0
0.949425 -0.792564 2854 1 37.6233 0
1.1838 -0.987876 2730 -1 33.2245 0
1.10568 -0.597251 2856 1 44.0323 0
1.06661 -0.714439 2907 1 42.4931 0
1.10568 -1.37965 2943 -1 2.35843 0
1.30099 -1.37965 3119 -1 -3.02515 0
1.8088 -2.19996 3119 -1 22.3662 0
1.1838 -1.34059 2845 -1 13.1336 0
1.1838 -1.45777 3161 1 15.7803 0
1.1838 -1.14527 2972 1 18.5215 0
0.910363 -1.5359 2973 1 30.6829 0
1.8088 -1.45777 3089 1 17.9359 0
1.37911 -1.8484 3088 1 18.6703 0
3.0588 -0.79371 3090 1 41.3961 0
0.910363 -1.30152 3087 1 45.9338 0
1.10568 -1.02809 3091 1 50.644 0
1.37911 -1.37965 3016 1 23.1346 0
1.34005 -1.30152 3010 1 36.2222 0
1.65255 -1.37965 3190 -1 8.47241 0
1.65255 -1.37965 3184 -1 30.5664 0
1.10568 -1.37965 3032 -1 31.5405 0
1.22286 -1.2234 2828 1 24.5168 0
1.37911 -1.61402 3183 -1 38.2197 0
1.34005 -1.30152 2871 1 27.4928 0
1.10568 -1.73121 3186 -1 47.8231 0
1.06661 -1.69215 2871 1 38.2148 0
1.10568 -1.30152 2899 1 40.1597 0
1.14474 -1.30152 3060 1 39.5781 0
1.26193 -1.45777 2913 -1 39.2963 0
0.949425 -1.18434 2987 1 36.3028 0
1.30099 -1.34059 3051 1 43.8361 0
1.88693 -1.37965 3141 -1 48.5594 0
1.4963 -1.18434 3138 -1 48.3316 0
1.57443 -1.41871 3136 -1 51.992 0
1.34005 -1.30152 2784 -1 28.2335 0
1.10568 -1.37965 3001 -1 47.2111 0
0.910363 -1.77027 2801 -1 42.1857 0
0.636925 -5.2859 3134 -1 51.9491 0
1.14474 -1.41871 2801 -1 44.2267 0
1.3204 -1.32079 3118 -1 -2.64722 0
1.12509 -1.75047 3118 -1 25.7898 0
1.6329 -0.969224 3117 -1 22.4492 0
1.16415 -1.24266 3221 1 15.6245 0
1.08603 -1.24266 3266 -1 23.2849 0
1.75009 -1.39891 3088 1 17.239 0
1.3204 -1.78954 3087 1 20.4021 0
1.04697 -1.16454 3088 1 45.4907 0
1.04697 -1.04735 3348 1 30.7319 0
0.929779 -1.28172 3350 1 43.7977 0
1.24228 -1.35985 3400 1 16.8123 0
1.24228 -1.32079 3184 -1 25.0972 0
1.35947 -1.32079 3446 1 19.561 0
1.20322 -1.47704 3161 1 15.3987 0
1.04697 -1.71141 3446 1 30.2728 0
1.04697 0.983901 3448 1 44.7654 0
1.75009 -2.02391 3445 1 37.4695 0
1.04697 -1.2036 3455 1 51.4761 0
1.16415 -1.16454 3318 -1 38.2645 0
1.04697 -5.18797 3448 1 53.1052 0
1.28134 -1.24266 3167 1 40.0223 0
1.43759 -1.59422 3168 1 45.2274 0
1.39853 -1.2036 3244 -1 32.0161 0
1.39853 -1.67235 3243 -1 36.4932 0
1.12509 -1.24266 3414 -1 40.0177 0
1.16415 -1.24266 3059 1 39.591 0
1.24228 -1.28172 3367 -1 36.8784 0
1.08603 -1.2036 3278 1 44.7648 0
1.04697 -1.59422 3242 -1 46.411 0
-1.06241 -0.500474 3246 -1 46.3315 0
1.24228 -1.28172 3033 -1 26.0557 0
1.35947 -1.24266 3038 -1 41.3749 0
0.851654 -1.32079 3423 1 43.9727 0
1.04697 -1.28172 3235 -1 50.8722 0
1.0079 -1.24266 3133 -1 47.7969 0
0.773529 -1.28172 3296 1 46.1721 0
1.08603 -1.16454 3295 1 42.4797 0
1.04697 -1.2036 3047 1 45.234 0
0.948814 -0.851425 3653 -1 29.0031 0
0.792564 -0.734237 3579 -1 32.8006 0
0.831626 -1.00767 3490 1 37.8067 0
0.753501 -0.92955 3310 -1 38.5117 0
0.675376 -0.695175 3501 1 29.9424 0
1.76913 -0.656112 3511 1 34.741 0
1.57381 -1.00767 3511 1 39.2362 0
0.753501 -0.851425 3684 -1 39.533 0
0.909751 -0.7733 3511 1 46.4421 0
0.870689 -0.968612 3514 1 46.5027 0
0.0113136 -0.92955 3499 1 49.5539 0
1.18319 -0.92955 3502 1 51.3933 0
0.401939 -1.12486 3610 -1 28.9417 0
1.10506 -1.12486 3350 1 30.6069 0
0.753501 -0.890487 3610 -1 41.4762 0
0.909751 -0.968612 3618 -1 43.1343 0
0.987876 -0.538925 3434 1 25.7453 0
0.714439 -0.890487 3553 -1 43.45 0
0.948814 -0.890487 3721 -1 16.1486 0
0.909751 -0.7733 3431 1 41.3298 0
0.558189 -0.890487 3433 1 46.2331 0
1.066 -1.04674 3666 -1 32.6531 0
0.987876 -1.51549 3665 -1 46.0801 0
0.987876 -1.00767 3452 1 35.8419 0
0.831626 -0.890487 3381 -1 45.6851 0
0.675376 -0.61705 3287 1 37.4125 0
0.792564 -1.0858 3475 -1 43.6076 0
0.753501 -0.890487 3286 1 51.8926 0
0.792564 -2.92174 3702 -1 48.0608 0
0.636314 -0.851425 3386 1 39.0866 0
0.831626 -0.92955 3702 -1 50.2372 0
0.362876 -1.7108 3387 1 39.08 0
0.792564 -0.695175 3416 1 43.2758 0
0.441001 -0.968612 3388 1 48.4998 0
0.792564 -0.61705 3330 -1 43.1275 0
1.18319 1.02358 3394 1 47.2714 0
0.792564 0.906388 3329 -1 48.4768 0
0.714439 -1.16392 3641 -1 43.5623 0
0.792564 -0.92955 3639 -1 48.4207 0
0.831626 -0.7733 3458 -1 33.9724 0
2.39413 0.0079501 3371 1 42.2577 0
0.792564 -4.87486 3394 1 52.0426 0
0.909751 -0.577987 3370 1 47.0808 0
-1.19962 -0.890487 3320 -1 46.1673 0
0.831626 -4.48424 3330 -1 48.4098 0
1.30122 -1.32094 3871 -1 0.287695 0
1.30122 -1.32094 3850 1 4.13054 0
1.4184 -1.32094 3956 -1 9.55537 0
1.26215 -1.32094 3730 -1 21.883 0
1.14497 -1.28188 3768 -1 21.1113 0
1.4184 -1.36 3565 -1 26.5765 0
1.37934 -1.24281 3661 -1 26.2502 0
1.30122 -1.28188 3937 1 28.6947 0
1.30122 -1.32094 3889 -1 33.4197 0
1.22309 -1.32094 3671 -1 36.0457 0
1.14497 -1.16469 3906 1 35.0956 0
0.988717 -1.59438 3613 -1 36.8155 0
1.1059 -0.969377 3615 -1 41.6891 0
1.34028 -1.39906 3787 1 38.7416 0
5.09028 -3.70375 3615 -1 43.0766 0
0.871529 -2.80531 3613 -1 46.3403 0
1.14497 -5.22719 3609 -1 49.4563 0
0.910592 -1.36 3647 -1 39.3462 0
1.22309 -1.32094 3581 -1 49.8275 0
1.1059 -1.24281 3692 -1 46.2645 0
1.26215 -1.36 3712 -1 45.9735 0
1.22309 -1.12563 3648 -1 45.6401 0
0.832467 -1.55531 3806 1 42.0194 0
5.1684 -1.32094 3812 1 45.6702 0
1.06684 -1.32094 3805 1 44.9117 0
0.754342 -1.12563 3743 1 39.2134 0
1.14497 -1.28188 3702 1 46.3235 0
1.30122 -1.28188 3601 1 45.8924 0
5.24653 -1.32094 3551 1 50.4902 0
-0.730033 -2.2975 3550 1 45.3843 0
0.793404 -1.12563 3824 1 39.1026 0
1.22309 -1.08656 3918 -1 40.6045 0
-0.00978474 0.00978474 4076 -1 -44.8788 0
4.40428 -2.68553 4054 -1 43.557 0
-0.40041 -0.0683403 4022 1 48.7632 0
-0.00978474 0.00978474 4218 -1 53.2182 0
-0.00978474 -0.0292778 4112 1 52.8893 0
1.74803 -0.0292778 3958 1 37.1888 0
0.185528 -1.94334 4061 -1 48.2936 0
0.0292778 -3.89647 4059 -1 47.9047 0
3.42772 0.00978474 4023 1 48.7253 0
-0.00978474 -1.9824 4125 1 51.9655 0
-0.0879097 -1.9824 4058 -1 44.4555 0
0.146465 -2.37303 3961 1 37.5189 0
-0.00978474 0.00978474 4190 -1 54.0135 0
-0.00978474 0.00978474 4248 1 -42.85 0
-3.87697 0.00978474 4166 1 51.5299 0
-0.0488472 3.72072 4213 1 51.4066 0
-0.0488472 -0.38084 4063 -1 49.8546 0
-0.00978474 0.00978474 4241 1 24.8204 0
-0.00978474 -3.97459 4137 1 49.7879 0
-2.35353 2.00197 4233 -1 50.8365 0
3.8574 0.0879097 4184 -1 51.4628 0
-1.22072 0.00978474 4209 1 51.7614 0
-0.00978474 -0.771465 4118 -1 51.3905 0
3.8574 0.00978474 4207 -1 51.8852 0
-1.10353 0.00978474 4234 1 50.6049 0
4.09178 0.322285 4024 1 46.2735 0
-0.0488472 -0.185528 3860 -1 52.8134 0
-0.0488472 -2.72459 3986 -1 37.9179 0
0.771465 -1.94334 4164 -1 51.2715 0
-0.166035 -0.888653 3819 1 40.3774 0
-4.61916 0.0488472 4127 -1 51.5489 0
1.86522 0.40041 3985 -1 34.2971 0
0.84959 -0.84959 4209 -1 49.834 0
1.94334 -0.771465 4210 1 52.2987 0
5.81053 -0.0292778 4155 1 49.6196 0
-0.00978474 -0.00978474 4076 -1 -44.8381 0
-0.00978474 -0.00978474 4287 1 51.8091 0
-0.00978474 -0.00978474 4498 1 -44.8229 0
-0.00978474 -0.00978474 4193 1 51.9367 0
-3.9551 -0.00978474 4150 1 51.3051 0
-0.00978474 -0.00978474 4332 1 52.3989 0
-0.00978474 -0.00978474 4370 1 52.5727 0
-0.00978474 -0.00978474 4384 -1 52.6805 0
-0.00978474 -0.00978474 4350 1 52.7351 0
0.0683403 -1.96291 4058 -1 49.415 0
-0.00978474 -0.00978474 4440 1 53.131 0
-0.0488472 -0.00978474 4144 -1 52.3452 0
-0.00978474 -0.00978474 4252 1 53.3357 0
-0.00978474 0.0292778 4424 -1 52.7262 0
-0.166035 -0.322285 4061 -1 47.5494 0
-0.00978474 -0.00978474 4475 1 53.3669 0
-0.00978474 -0.00978474 4170 1 53.4332 0
2.33397 -0.830097 4059 -1 45.422 0
-0.322285 -0.205097 4024 1 47.1761 0
-3.9551 -0.791035 4132 1 50.2258 0
-3.91603 -1.96291 4400 1 50.7205 0
1.94334 -0.126972 4053 -1 45.3701 0
0.419903 0.69334 4021 1 45.223 0
-0.00978474 0.263653 4023 1 52.0708 0
-2.04103 0.0683403 4344 -1 51.8153 0
-1.96291 -0.40041 4299 -1 50.1128 0
0.0292778 3.89647 4340 1 52.6486 0
-0.00978474 6.0449 4274 -1 51.1328 0
1.90428 -0.791035 4062 -1 49.2655 0
1.94334 0.0292778 4460 1 51.5917 0
-2.00197 -0.00978474 4450 1 51.0262 0
1.94334 0.38084 4156 -1 51.6522 0
-1.06447 0.0292778 4124 -1 50.4765 0
0.771465 -9.81447 4414 -1 46.2938 0
0.0292778 -1.96291 4180 1 51.105 0
-0.00978474 -1.92385 4456 1 50.0292 0
-0.00978474 -0.40041 4360 1 52.6591 0
-3.87697 1.16209 4314 -1 49.5898 0
0.771465 1.82615 4312 1 50.2286 0
-1.96291 0.146465 4170 1 52.0568 0
1.94334 7.84178 4429 -1 50.9356 0
-0.00978474 -2.0801 4214 -1 51.2667 0
2.06053 3.89647 4108 -1 45.541 0
-3.9551 -0.00978474 4394 -1 51.4886 0
-1.53322 -0.00978474 4313 -1 52.5547 0
1.86522 -2.11916 4202 1 48.0364 0
0.458965 -0.0488472 4430 1 48.9992 0
-0.00978474 -1.68947 4220 1 51.6199 0
2.88084 -0.00978474 4181 1 50.7792 0
-0.00978474 -0.595722 4446 -1 52.2397 0
-0.00978474 -2.04103 4114 -1 50.5348 0
-2.74416 -0.00978474 4406 -1 51.5986 0
-0.791035 3.89647 4483 -1 48.8911 0
3.89647 -7.82228 4123 -1 50.9656 0
-0.0488472 3.74022 4207 1 50.6853 0
1.23288 -1.31177 382 -1 20.4351 1
1.311 -1.23364 550 1 23.7733 1
1.23288 -1.38989 604 -1 23.8102 1
1.38913 -1.54614 582 1 24.4292 1
1.38913 -1.38989 658 -1 24.0459 1
1.70163 -1.70239 508 -1 15.8773 1
1.23288 -2.32739 508 -1 42.271 1
1.70163 -1.46802 248 -1 26.2729 1
1.23288 -1.78052 246 -1 44.5915 1
1.85788 -1.85864 298 -1 16.8242 1
1.77975 -1.54614 272 1 25.9148 1
1.23288 -1.46802 402 1 39.5213 1
2.01413 -1.70239 774 -1 33.1997 1
1.23288 -1.07739 778 -1 41.779 1
1.07663 -1.62427 768 -1 46.8979 1
2.561 -2.09302 460 1 21.8909 1
1.46725 -1.38989 460 1 44.5086 1
1.15475 -1.46802 364 1 33.8038 1
3.73288 -1.62427 294 -1 40.7391 1
1.23288 -1.46802 624 -1 38.6153 1
1.77975 -1.46802 694 -1 39.3118 1
1.54538 -2.09302 696 -1 48.6961 1
-0.329623 -1.46802 300 -1 46.7345 1
1.85788 -1.78052 222 1 39.3449 1
1.23288 -1.85864 224 1 47.4212 1
8.811 -1.85864 698 -1 49.2305 1
1.54538 -1.54614 174 -1 49.2843 1
1.15475 -1.62427 680 1 46.5897 1
2.17038 -2.01489 194 -1 34.6249 1
1.23288 -1.15552 810 1 33.2148 1
1.07663 -1.62427 814 1 50.0534 1
1.23288 -0.921141 324 -1 44.9943 1
-7.7515 7.75073 332 -1 46.3853 1
1.6235 -1.54614 934 -1 40.4241 1
1.23288 -0.843016 724 1 45.6577 1
1.15475 -3.18677 724 1 50.3915 1
1.23288 1.03198 714 1 51.4934 1
1.07663 -1.62427 432 -1 44.8492 1
0.998502 -1.54614 748 -1 46.3636 1
0.451627 -1.54614 718 1 49.5333 1
-3.76712 -1.23364 728 1 50.6543 1
0.529752 -0.686766 880 -1 44.7901 1
0.293695 -0.293389 1014 1 6.82541 1
0.52807 0.0191108 932 -1 -4.5799 1
0.37182 -0.215264 1000 -1 20.0826 1
0.293695 -0.137139 1234 -1 21.0352 1
0.449945 0.331611 962 1 9.8684 1
0.37182 -0.137139 952 1 38.7418 1
0.293695 -0.449639 1170 1 33.2038 1
0.21557 -0.137139 1042 1 22.9449 1
0.21557 -0.137139 1030 -1 34.6013 1
0.21557 -0.215264 1092 1 29.5514 1
0.762445 -0.527764 600 1 26.2033 1
1.07494 -0.215264 606 1 43.6006 1
0.84057 -1.38714 748 1 30.1436 1
0.52807 -0.215264 748 1 48.8955 1
0.449945 0.175361 1392 1 39.9396 1
0.52807 -0.0590142 1410 -1 38.5222 1
0.606195 -0.293389 1262 1 36.7678 1
0.37182 -0.0590142 1368 -1 47.9559 1
0.37182 -0.996514 1072 1 44.4068 1
0.37182 -0.215264 548 1 49.5216 1
0.37182 -1.30901 570 -1 37.2288 1
0.21557 0.0972358 1468 1 32.3782 1
1.07494 -0.762139 572 -1 39.0637 1
-0.956305 0.175361 772 1 45.2729 1
0.68432 -0.527764 532 -1 38.8192 1
0.05932 -0.449639 774 1 46.9502 1
0.52807 -4.12151 1074 1 47.6309 1
-0.018805 -1.69964 790 1 35.788 1
0.37182 -0.215264 882 1 52.2934 1
-0.018805 3.69099 568 -1 48.823 1
-0.800055 -0.0590142 862 1 40.4108 1
0.449945 0.722236 846 1 38.6129 1
0.05932 -0.605889 860 1 39.8979 1
0.137445 -2.01214 700 -1 42.9188 1
2.16869 -0.215264 850 1 49.8767 1
1.69994 -0.215264 1430 -1 43.52 1
1.15307 -1.38714 1212 -1 34.7612 1
8.49682 -2.24651 808 1 49.1702 1
1.19343 -0.919765 1120 1 13.9791 1
1.19343 -1.31039 1944 -1 -0.615904 1
1.11531 -1.15414 1634 -1 16.3589 1
1.34968 -0.919765 1662 1 19.5535 1
1.11531 -1.23227 1086 1 14.0258 1
0.880932 -0.99789 1060 -1 24.7376 1
0.959057 -0.607265 1596 1 24.6082 1
1.03718 -1.07602 1044 1 15.4093 1
1.11531 -1.15414 1826 1 24.9464 1
1.03718 -0.919765 1136 -1 32.4064 1
1.03718 -1.07602 1618 1 33.516 1
0.959057 -0.919765 1180 1 36.6278 1
0.880932 -0.919765 1890 1 38.5297 1
0.880932 -0.763515 1164 -1 35.9872 1
1.42781 -1.31039 1302 1 24.8323 1
1.19343 -1.15414 1544 -1 32.1701 1
1.03718 -1.31039 1330 1 35.8248 1
1.19343 -0.84164 1196 -1 42.0743 1
1.42781 -0.99789 1488 -1 38.862 1
0.646557 -1.07602 1274 -1 37.787 1
0.646557 1.42398 1496 -1 28.269 1
1.11531 -0.68539 1428 -1 43.4701 1
1.27156 -1.31039 1844 -1 17.2046 1
1.19343 -1.07602 1408 -1 44.1244 1
1.19343 -1.07602 1916 -1 41.5201 1
0.568432 -0.84164 1564 1 40.9717 1
0.959057 3.76773 1556 1 47.688 1
1.19343 -1.23227 1382 -1 36.195 1
1.50593 -1.15414 1760 1 36.163 1
1.03718 -1.07602 1758 1 52.528 1
1.50593 -1.23227 1784 -1 27.1747 1
1.19343 -1.31039 1726 -1 23.3098 1
1.03718 -0.84164 1860 1 28.8125 1
0.255932 -0.607265 1518 1 37.9937 1
-6.77532 -0.919765 1516 1 52.5094 1
1.74031 4.78336 1798 -1 44.6421 1
-2.94719 -8.34164 1776 -1 51.6751 1
1.19343 -0.84164 1256 -1 47.21 1
1.81843 -0.99789 1220 1 42.6438 1
0.959057 -0.52914 1520 1 51.1225 1
0.880932 -0.919765 1806 1 50.9644 1
0.412182 -3.96664 1516 1 51.0719 1
0.880932 -1.15414 1468 1 50.4575 1
1.46725 -1.42857 1618 -1 -6.68513 1
1.38913 -1.35045 2370 -1 1.93573 1
1.38913 -1.35045 2348 1 6.75974 1
1.311 -1.35045 1968 -1 10.8478 1
1.311 -1.42857 1660 1 11.0176 1
1.23288 -1.35045 1900 1 20.9635 1
1.311 -1.27232 1720 1 18.9399 1
1.70163 -1.58482 1588 1 19.91 1
1.23288 -1.74107 1582 1 42.9815 1
1.15475 -1.27232 2268 -1 24.7828 1
1.311 -1.42857 1852 1 25.7384 1
1.38913 -1.5067 1948 1 24.3825 1
1.311 -1.42857 2066 -1 26.7927 1
1.38913 -1.35045 2164 -1 27.8273 1
1.77975 -1.66295 1694 -1 4.82575 1
1.46725 -1.8192 1686 -1 39.1256 1
1.38913 -1.27232 2230 -1 26.2717 1
1.38913 -1.42857 2438 1 30.0635 1
1.38913 -1.5067 2018 1 32.2223 1
1.311 -1.27232 1742 -1 33.6444 1
1.15475 -1.11607 1766 -1 28.6836 1
0.842252 -1.58482 2116 -1 36.4511 1
1.38913 -1.42857 1552 1 35.2506 1
0.529752 -2.91295 2112 -1 43.2136 1
1.07663 -2.52232 2290 1 37.3037 1
1.23288 -1.42857 2288 1 46.1223 1
1.23288 -1.1942 1816 -1 40.3673 1
1.15475 -0.881696 2404 1 40.4665 1
1.15475 -1.27232 2084 -1 50.1719 1
1.23288 2.39955 2410 1 47.8426 1
1.15475 -1.35045 2192 -1 46.8024 1
0.686002 -1.35045 2306 1 45.173 1
1.23288 -1.27232 2214 -1 40.6364 1
5.13913 -1.42857 2312 1 47.5033 1
1.38913 -1.42857 1638 -1 47.263 1
0.998502 -1.42857 2144 -1 44.4555 1
0.998502 -1.35045 1796 1 45.0488 1
-0.0195695 -0.0195695 2080 -1 -44.821 1
-0.0195695 -0.0195695 2178 -1 48.8239 1
-0.0195695 -0.0195695 2378 -1 48.8239 1
-0.0195695 -0.0195695 2778 -1 50.5297 1
-0.0195695 -0.0195695 2702 1 50.9144 1
-0.0195695 -0.0195695 2302 1 50.9144 1
0.0585555 -0.0195695 2272 1 51.2332 1
-0.0195695 -0.0195695 2906 -1 52.0862 1
-0.0195695 -0.0195695 2596 -1 52.305 1
-0.0195695 -0.0195695 2494 1 52.3576 1
0.136681 -0.0195695 2506 -1 52.1815 1
-0.0195695 -0.0195695 2316 -1 52.5633 1
-0.0195695 -0.0195695 2716 -1 52.5633 1
-0.0195695 -0.0195695 2406 -1 52.7105 1
-0.0195695 -0.0195695 2206 -1 52.7105 1
-0.0195695 -0.0195695 2806 -1 52.7105 1
-0.410194 -3.92582 2546 -1 52.2005 1
0.0585555 -0.0195695 2516 -1 52.243 1
0.371056 3.96481 2146 -1 50.528 1
-0.0195695 3.80856 2746 -1 51.5346 1
-0.0195695 -0.0195695 2946 -1 52.768 1
-0.0195695 3.88668 2346 -1 52.0245 1
-0.0195695 -0.0195695 2008 1 -44.8571 1
6.15231 -0.0195695 2666 -1 52.0962 1
-0.0195695 -0.0195695 2866 -1 53.0156 1
-1.66019 3.80856 2234 1 51.5613 1
-1.73832 7.79293 2434 1 50.6358 1
-1.58207 -0.0195695 2834 1 51.0435 1
-1.58207 -0.0195695 2634 1 51.5834 1
-0.410194 -1.66019 2026 1 44.5658 1
0.996056 -0.0195695 2794 1 51.6301 1
11.6992 -0.0195695 2656 -1 51.6181 1
-0.0195695 -7.91019 2454 1 52.1389 1
7.79293 -7.91019 2466 -1 50.9843 1
-0.0195695 0.0585555 2260 -1 52.2029 1
-0.0195695 -7.67582 2556 -1 49.3728 1
-0.0195695 0.0585555 2194 1 52.8237 1
-0.0195695 -0.0195695 2456 -1 53.4399 1
-9.39457 -0.0195695 2000 1 49.2588 1
7.79293 -1.19144 2472 1 52.0152 1
-0.0195695 -0.0195695 2994 1 -44.8222 1
-0.0195695 -1.58207 2356 -1 52.5628 1
-0.0195695 -0.0195695 2146 -1 52.3165 1
-0.0195695 0.136681 2792 1 52.6467 1
4.43356 0.761681 2352 1 50.1381 1
-1.58207 0.761681 2756 -1 51.1145 1
-0.0195695 -7.83207 2444 1 50.9027 1
-0.0195695 0.761681 2844 1 52.2684 1
-0.0195695 0.761681 2244 1 51.5463 1
-0.0195695 1.54293 2634 1 51.5502 1
-0.0195695 -0.0195695 2748 -1 53.1949 1
-0.0195695 -3.92582 2736 -1 51.6238 1
-1.58207 -0.0195695 2336 -1 51.8396 1
-0.0195695 -4.08207 2674 1 51.7831 1
3.88668 -0.0195695 2574 1 51.4483 1
-0.0195695 -0.0195695 2546 -1 51.777 1
-11.7383 -0.0195695 2680 1 51.094 1
-3.92582 -0.0195695 2880 1 52.2935 1
-0.0976945 7.94918 2354 1 52.3166 1
-0.253944 9.58981 2570 1 50.595 1
-0.0195695 -7.83207 2570 1 52.0938 1
1.23043 -0.0195695 2474 1 50.8655 1
-4.70707 -4.78519 2348 -1 52.7685 1
-0.0976945 1.38668 2668 -1 51.7856 1
-8.22269 -0.0195695 2656 -1 51.7685 1
-0.0195695 1.07418 2568 -1 51.9652 1
-0.0195695 -7.83207 2476 -1 51.3734 1
0.586778 0.0388332 1432 -1 -15.199 2
0.586778 -0.273667 1492 -1 7.81499 2
0.430528 -0.273667 1732 -1 19.5245 2
0.430528 -0.586167 1672 1 35.5888 2
0.274278 -0.117417 1592 1 38.0218 2
0.430528 0.195083 1908 -1 38.6637 2
0.274278 -0.586167 700 1 38.3469 2
0.743028 -0.117417 1892 1 47.6504 2
1.05553 0.195083 920 1 32.8102 2
0.118028 -0.117417 804 -1 39.0655 2
0.274278 -0.273667 596 -1 45.0732 2
0.118028 0.663833 1344 1 32.7273 2
-0.0382216 0.195083 516 1 43.2333 2
0.743028 -0.117417 952 -1 44.8681 2
-0.0382216 -0.273667 832 1 44.0783 2
0.430528 -0.117417 568 1 46.8088 2
1.99303 -1.52367 1120 1 9.84818 2
0.743028 -0.586167 1100 1 47.6559 2
0.274278 -0.117417 988 1 47.3643 2
0.899278 -1.36742 1244 1 24.6174 2
0.430528 -3.24242 272 -1 46.9884 2
0.118028 -0.117417 464 -1 46.2955 2
2.30553 -0.117417 264 -1 39.1504 2
0.274278 -1.36742 1564 1 37.9606 2
0.430528 0.195083 1288 1 41.3477 2
0.274278 -1.67992 420 1 38.5261 2
4.18053 0.663833 396 1 40.4266 2
1.99303 -0.117417 428 1 42.7522 2
-0.506972 -3.08617 396 1 45.1328 2
-1.60072 -15.7424 292 -1 38.1764 2
-18.007 -0.117417 396 1 46.5045 2
0.430528 -0.898667 1208 -1 44.9824 2
0.743028 -0.429917 1076 -1 37.5584 2
-0.350722 -0.117417 256 -1 49.848 2
1.99303 23.3201 424 1 44.7201 2
-0.350722 -0.898667 1196 -1 49.0497 2
0.743028 -0.898667 1176 1 44.7123 2
-15.3507 0.0388332 1288 1 50.2136 2
0.586778 -0.117417 1048 1 49.5273 2
0.274278 17.0701 396 1 45.0843 2
0.118028 -0.742417 1236 1 50.3083 2
1.05553 0.663833 224 -1 49.1131 2
0.118028 -0.117417 860 -1 48.797 2
-1.91322 -6.99242 220 -1 46.6026 2
0.899278 -0.429917 1028 -1 45.4764 2
-0.350722 -3.24242 220 -1 50.7931 2
0.430528 -0.117417 364 -1 49.9119 2
1.52428 0.351333 1808 -1 44.9043 2
-0.0391389 -0.0391389 1084 -1 -44.8204 2
-0.0391389 -0.0391389 2168 -1 47.3751 2
-0.0391389 -0.0391389 2568 -1 49.2228 2
-0.0391389 -0.0391389 1772 1 49.5077 2
-0.0391389 -0.0391389 1372 1 49.5077 2
-0.0391389 -0.0391389 1908 -1 49.8824 2
-0.0391389 -0.0391389 2720 1 51.7074 2
-0.0391389 -0.0391389 2320 1 51.7074 2
-0.0391389 -0.0391389 1316 1 51.8926 2
-0.0391389 -0.0391389 2516 1 51.8926 2
-0.0391389 -0.0391389 2992 1 -44.8227 2
-0.0391389 -0.0391389 2116 1 51.8926 2
-0.0391389 -0.0391389 1716 1 51.8926 2
-0.0391389 -0.0391389 1988 -1 52.3932 2
-0.0391389 -0.0391389 1588 -1 52.3932 2
-0.0391389 -0.0391389 1188 -1 52.3932 2
-0.0391389 -0.0391389 2388 -1 52.3932 2
-0.0391389 -0.0391389 2788 -1 52.3932 2
0.273361 -15.5079 1512 1 49.4044 2
-0.0391389 0.117111 2924 -1 53.1136 2
1.36711 -1.28914 2348 -1 50.7805 2
-1.60164 6.99211 2948 -1 49.8039 2
-0.0391389 7.77336 1508 -1 52.4781 2
-0.0391389 -0.0391389 1948 -1 53.2664 2
1.36711 -1.28914 2748 -1 50.7805 2
-0.0391389 -0.0391389 1148 -1 53.2664 2
-0.0391389 15.5859 2448 -1 51.7665 2
-0.0391389 -0.0391389 1248 -1 53.1179 2
-0.976639 15.5859 2856 -1 49.6373 2
6.21086 17.1484 1648 -1 47.3094 2
3.08586 14.1796 2048 -1 50.6472 2
-0.0391389 0.117111 2364 1 52.5521 2
-0.0391389 0.117111 2764 1 52.7049 2
-0.0391389 -0.0391389 1564 1 53.5677 2
-15.3516 -0.0391389 2668 -1 51.8387 2
-14.1016 -0.0391389 1868 -1 51.282 2
-15.3516 -0.0391389 2268 -1 51.528 2
1.83586 14.0234 1468 -1 50.6475 2
15.5859 -18.7891 1508 -1 51.5497 2
15.4296 -0.0391389 1828 -1 51.2646 2
15.7421 -0.0391389 2628 -1 49.9904 2
15.5859 -0.0391389 1428 -1 51.3959 2
15.7421 0.742111 2220 -1 48.4997 2
-0.195389 0.273361 1792 1 52.8425 2
-0.0391389 -15.6641 2252 1 51.2449 2
-0.195389 0.273361 2592 1 52.5182 2
2.92961 -1.60164 1412 1 50.6045 2
-0.351639 -15.6641 1816 1 51.2291 2
-0.195389 -7.85164 1416 1 51.6559 2
7.46086 -23.4766 2216 1 49.6421 2
-0.0391389 -7.85164 1504 -1 52.8359 2
-4.72664 3.08586 1876 1 51.2165 2
-0.0391389 15.5859 1476 1 50.8103 2
-0.351639 -7.69539 2676 1 50.8457 2
3.08586 -0.0391389 2276 1 52.354 2
15.8984 -0.820389 1516 -1 51.2322 2
-3.32039 -7.85164 2468 -1 52.2256 2
3.39836 -0.0391389 2864 -1 50.3936 2
0.117111 17.3046 1668 -1 51.6569 2
7.61711 0.742111 2068 -1 51.2788 2
-3.32039 -0.195389 1488 -1 51.12 2
7.77336 -0.0391389 1432 1 50.9687 2
3.08586 -0.0391389 1840 1 52.3554 2
3.08586 -3.16414 2232 1 51.6218 2
15.7421 0.742111 2268 -1 50.6581 2
-3.16414 -0.507889 1868 -1 51.9214 2
-0.0391389 -0.0391389 1448 -1 53.0109 2
0.117111 19.3359 1524 1 52.7474 2
0.117111 16.2109 2888 -1 51.8393 2
-8.16414 -15.6641 2488 -1 51.7032 2
-15.6641 -0.820389 2088 -1 51.7154 2
-0.0391389 -1.75789 1688 -1 51.8431 2
0.548557 -0.0788894 1424 -1 -8.68527 3
0.548557 0.858611 1464 1 36.5571 3
0.861057 -0.703889 1728 -1 17.6805 3
1.17356 -1.64139 2936 -1 0.869918 3
1.17356 -1.01639 2392 -1 17.8038 3
1.48606 -1.01639 2584 1 19.0801 3
1.79856 -1.64139 2096 1 5.54514 3
0.861057 -0.703889 3488 1 24.8439 3
1.17356 -0.703889 2024 -1 24.3262 3
0.236057 -0.703889 696 1 31.9978 3
0.548557 1.48361 2488 -1 4.47655 3
1.48606 -1.95389 3664 -1 27.2323 3
0.861057 -0.391389 3360 1 34.7521 3
0.861057 -6.01639 3648 -1 32.4847 3
2.11106 -1.95389 3832 1 13.2169 3
1.17356 -0.0788894 2464 -1 48.8591 3
-0.388943 -1.32889 3816 1 49.591 3
1.17356 -1.32889 3248 -1 30.4326 3
0.861057 0.546111 912 1 28.859 3
2.11106 -1.64139 1112 1 9.67303 3
1.48606 -1.32889 1840 -1 25.6555 3
0.861057 -1.95389 2984 1 37.4316 3
1.17356 -0.0788894 1528 1 37.5435 3
0.861057 -1.01639 1240 1 31.8724 3
2.42356 -1.01639 3720 -1 47.3101 3
-0.701443 -10.0789 3752 -1 46.4621 3
1.48606 1.17111 2256 1 19.3175 3
0.861057 -1.32889 2320 1 40.0478 3
3.04856 5.23361 3760 -1 48.3654 3
0.548557 -0.0788894 2680 1 38.94 3
0.861057 1.48361 2816 1 37.1777 3
-0.0764432 -0.0788894 2240 1 43.9777 3
2.11106 -1.95389 560 1 25.1221 3
1.17356 -0.703889 2160 -1 39.678 3
0.548557 -31.3289 2824 1 51.0429 3
1.48606 -0.391389 3304 1 48.4705 3
0.236057 -0.703889 3408 1 43.5675 3
0.236057 -0.0788894 400 1 42.9331 3
0.548557 -0.703889 2208 -1 50.0319 3
-30.3889 30.5461 560 1 47.8779 3
4.29856 -0.703889 3192 1 37.6905 3
0.236057 -0.391389 272 -1 43.4627 3
1.48606 -1.64139 608 -1 29.4908 3
1.79856 -1.32889 3080 1 26.613 3
2.42356 -1.64139 3880 -1 45.9997 3
1.48606 -1.95389 1040 -1 38.8262 3
1.79856 -0.391389 3112 -1 48.1436 3
0.156556 -0.156556 3984 -1 -44.9805 4
1.40656 -0.781556 2400 -1 -5.30368 4
0.781556 -0.156556 1408 -1 1.81931 4
0.156556 -0.156556 2576 1 22.7224 4
0.156556 -0.156556 1296 1 27.2943 4
1.40656 -3.28156 3632 -1 15.8485 4
6.40656 -0.781556 3664 -1 43.6369 4
1.40656 -1.40656 3488 1 19.8058 4
0.156556 -0.156556 3344 1 31.4447 4
1.40656 -1.40656 2928 -1 12.6956 4
2.03156 -1.40656 1744 -1 18.8708 4
0.156556 -0.156556 256 -1 33.9475 4
0.781556 -1.40656 1888 -1 28.5085 4
1.40656 -1.40656 2080 1 12.338 4
1.40656 1.09344 2240 1 22.5173 4
0.156556 -0.156556 1584 1 36.1092 4
0.156556 -0.781556 704 1 34.8587 4
0.156556 0.468444 2000 -1 42.5118 4
1.40656 0.468444 896 1 34.6932 4
0.156556 -0.781556 400 1 44.9824 4
2.03156 -2.03156 1104 1 17.5365 4
-1.09344 0.468444 512 1 44.577 4
0.156556 0.468444 5488 -1 53.3893 4
0.156556 62.3434 7088 -1 52.228 4
-62.3434 -0.156556 6256 1 48.354 4
0.156556 -0.156556 7104 -1 53.377 4
0.156556 -0.156556 6464 -1 53.6053 4
32.0316 -0.156556 6272 1 52.7068 4
75.1566 -0.156556 6352 1 50.2519 4
1.40656 31.0934 5184 -1 51.4438 4
5.78156 -0.156556 4864 -1 52.9709 4
6.40656 -62.6566 4960 -1 51.93 4
-2.96844 -97.0316 4704 1 51.5976 4
0.156556 -31.4066 7536 1 50.4792 4
-61.7184 31.0934 6832 1 48.9552 4
62.6566 -0.156556 7264 -1 53.0833 4
0.156556 -0.156556 7936 1 -14.8285 4
12.6566 -5.78156 7504 -1 51.5099 4
0.156556 62.3434 5824 1 50.986 4
-69.2184 -0.156556 7600 1 49.5605 4
23.9066 -0.156556 6688 -1 51.9933 4
