phi1 phi2 depth orientation nfa octave
-5 -8.90625 251 -1 47.8758 0
-4.21875 -4.92188 262 -1 48.564 0
-4.76562 -5 264 -1 47.8612 0
-1.09375 -5 255 -1 47.4248 0
-4.84375 -8.51562 256 -1 48.2129 0
-5 -5 298 -1 51.237 0
-5.03906 -4.88281 292 -1 48.9336 0
-4.80469 -5.07812 598 1 51.38 0
-4.21875 -5.58594 610 1 47.305 0
-5 -3.04688 612 1 51.7943 0
-5 -5.78125 610 1 51.1935 0
-4.60938 -5.07812 605 1 47.7298 0
-4.96094 -4.96094 534 -1 54.6601 0
-5 -4.92188 666 1 51.7789 0
-4.60938 -6.13281 680 1 50.162 0
-4.92188 -4.57031 722 -1 50.7792 0
-4.92188 -5 747 -1 53.3287 0
-5.11719 -5 1075 1 48.3417 0
-5 -4.0625 913 -1 48.2965 0
-5.39062 -4.33594 914 -1 50.0199 0
-5 -5.03906 910 -1 53.1347 0
-5 -5.42969 998 1 51.2379 0
-1.13281 -5.15625 1060 1 48.5561 0
-5.03906 -4.88281 1060 1 52.6595 0
-4.92188 -4.84375 944 -1 53.5483 0
0.635626 0.0879862 1436 -1 10.9452 0
0.401251 0.166111 1449 1 27.2342 0
0.440313 0.244236 1462 1 20.9923 0
0.830938 0.0489237 1464 1 42.6749 0
4.54188 -0.0292013 1466 1 47.7957 0
0.362188 0.0489237 1270 1 49.0859 0
0.635626 0.127049 1047 1 48.8312 0
0.440313 0.166111 1039 -1 47.6683 0
0.479376 -0.263576 1105 1 39.7937 0
0.635626 0.0489237 1105 1 47.3291 0
0.440313 0.0489237 1108 1 53.0001 0
0.205938 0.205174 1340 1 39.8369 0
1.29969 -0.771389 1242 1 32.5747 0
0.791876 0.0879862 1245 1 46.4405 0
0.479376 -1.78701 1246 1 42.287 0
0.518438 0.439549 1337 1 48.907 0
0.440313 0.0489237 1189 -1 52.6602 0
0.635626 -0.146389 1248 1 50.9155 0
4.34656 0.0489237 1387 1 49.5261 0
2.4325 -2.02139 1118 1 22.3912 0
0.440313 0.0489237 1343 1 51.2483 0
2.00281 -1.12295 1123 1 32.1501 0
-0.419062 0.127049 1349 1 50.7026 0
2.39344 -0.146389 1159 1 41.9086 0
0.440313 -1.9042 1384 1 49.857 0
0.479376 -1.24014 1113 1 40.7348 0
0.440313 -3.89639 1149 1 43.5776 0
0.0496881 3.91611 1402 1 48.5608 0
0.127813 -3.66201 1162 1 45.0844 0
-1.51281 0.0489237 1375 1 50.3304 0
4.34656 -1.98233 1205 -1 41.6718 0
0.362188 0.400486 1309 -1 39.1009 0
0.635626 -0.966701 1075 -1 37.1792 0
0.440313 -1.04483 1204 -1 39.5511 0
0.401251 0.478611 1480 -1 41.0103 0
0.557501 0.127049 1067 1 50.8479 0
0.987188 4.07236 1320 1 50.7277 0
1.41688 1.2208 1158 1 46.3123 0
-5 -5.07812 1590 -1 49.7634 0
-5.19531 -5 1579 -1 50.164 0
-5 -2.65625 1604 -1 46.7634 0
-5.03906 -5.19531 1439 -1 51.3664 0
-5 -5.07812 1435 -1 48.9795 0
-5.78125 -4.92188 1603 -1 49.8017 0
-6.95312 -5.50781 1606 -1 47.5111 0
-5.23438 -4.53125 1595 -1 49.9816 0
-4.96094 -5.74219 1420 -1 51.1952 0
-5.03906 -5.07812 1785 1 44.6519 0
-5.11719 -4.96094 1770 1 43.99 0
-5 -5 1797 1 45.9546 0
-5 -5 1748 1 49.4416 0
-4.49219 -5 1813 1 46.7434 0
-4.92188 -4.76562 1811 1 44.7973 0
-5 -5.74219 1826 1 48.8499 0
-5 -5 1826 1 50.4822 0
-4.88281 -1.09375 1854 1 51.3502 0
-5 -5 1689 1 54.1667 0
-3.04688 -5.07812 1661 -1 48.832 0
-5 -4.88281 1853 1 52.9481 0
-5.11719 -5 1661 -1 51.4355 0
-5.11719 -5.03906 2005 -1 47.1292 0
-5 -5 1966 -1 52.4922 0
-5 -4.96094 2151 -1 50.3515 0
-5 -5 2242 1 52.8952 0
-5 -4.60938 2190 -1 51.7185 0
-4.96094 -4.92188 2191 -1 51.3195 0
-4.96094 -5 2316 1 53.722 0
-5 -5 2402 1 52.0936 0
-4.80469 -5 2444 1 49.7767 0
-4.96094 -5 2457 1 51.7315 0
-4.92188 -5 2507 -1 53.0607 0
-5 -4.60938 2694 1 52.1155 0
-4.64844 -5.35156 2757 -1 51.5395 0
-8.90625 -5 2755 -1 52.355 0
-1.05469 -5 2761 -1 49.0065 0
-5 -4.96094 2754 -1 52.8762 0
-5 -2.30469 2806 -1 49.6179 0
-4.96094 -5 2697 1 50.6857 0
-5 -5 3089 1 53.1964 0
-5.03906 -4.60938 3060 -1 52.3224 0
-5.85938 -4.375 2981 -1 48.5791 0
-4.92188 -5 2907 -1 53.3566 0
-5 -1.01562 3059 -1 51.5466 0
1.10545 -1.20352 3267 -1 15.7088 0
1.2617 -1.24259 3117 -1 1.65853 0
1.76951 -1.47696 3089 1 14.8814 0
1.02732 -1.32071 3088 1 33.7589 0
1.18357 -1.20352 3414 -1 15.4409 0
1.18357 -1.20352 3222 1 14.0377 0
1.14451 -1.1254 3351 1 26.327 0
1.02732 -1.1254 3454 1 28.076 0
1.37888 -1.39884 3412 -1 45.6399 0
0.988258 -1.20352 3276 1 36.3614 0
1.02732 -1.04727 3169 1 30.851 0
1.14451 -1.16446 3317 -1 30.2538 0
0.832008 -1.28165 3296 1 39.6285 0
0.871071 -1.20352 3423 1 36.4159 0
1.2617 -1.35977 3401 1 12.3044 0
1.18357 -1.24259 3059 1 36.7209 0
1.2617 -1.24259 3444 1 33.2408 0
0.871071 -1.00821 3361 -1 30.1134 0
1.06638 -0.85196 3237 -1 29.0236 0
0.988258 -1.08634 3144 -1 44.267 0
1.37888 -1.24259 3034 -1 25.8147 0
1.65232 -1.51602 3239 -1 34.9509 0
1.02732 -1.51602 3443 1 43.1279 0
1.18357 -1.35977 3158 1 30.0789 0
0.910133 -1.20352 3046 1 41.8525 0
-1.19924 -1.59415 3056 1 46.2142 0
1.5742 -1.24259 3158 1 46.7275 0
1.02732 1.92148 3160 1 47.0287 0
1.18357 -1.20352 3387 -1 41.5583 0
1.61326 -1.39884 3189 -1 15.0222 0
-1.35549 -3.3129 3157 1 46.7151 0
1.92576 -2.18009 3187 -1 34.5418 0
1.10545 -1.08634 3335 -1 46.1421 0
0.792946 -1.04727 3130 -1 42.7097 0
1.76951 -1.20352 3133 -1 50.1329 0
-5 -5 3603 -1 53.0105 0
-5 -4.80469 3435 -1 52.1485 0
-5 -5.54688 3593 -1 47.6959 0
-4.17969 -5.19531 3449 -1 50.8473 0
-5.03906 -5.39062 3492 -1 52.1829 0
1.2818 -1.26238 3870 -1 3.38522 0
1.32086 -1.34051 3849 1 7.27089 0
1.35993 -1.37957 3956 -1 11.0265 0
1.32086 -1.22332 3729 -1 20.8819 0
1.35993 -1.26238 3660 -1 25.2985 0
1.32086 -1.34051 3938 1 28.1338 0
1.12555 -1.30145 3768 -1 19.475 0
1.35993 -1.1452 3888 -1 32.3365 0
1.24274 -1.30145 3885 -1 41.1079 0
1.39899 -1.22332 3786 1 32.4217 0
1.20368 -1.41863 3563 -1 37.6982 0
1.16461 -1.30145 3905 1 36.5752 0
0.50055 -1.26238 3608 -1 34.3335 0
1.35993 -1.34051 3610 -1 45.3254 0
1.20368 -1.22332 3692 -1 34.6914 0
1.24274 -1.34051 3598 1 35.1765 0
1.47711 -1.34051 3640 -1 40.942 0
1.04743 -1.73113 3590 -1 38.6397 0
1.16461 -1.22332 3700 1 37.8106 0
1.2818 -1.26238 3718 1 44.0117 0
1.16461 -1.37957 3711 -1 41.2544 0
1.2818 -0.520196 3589 -1 45.1986 0
0.891175 -0.793634 3581 -1 47.7843 0
3.23493 -1.34051 3583 -1 52.545 0
0.891175 -1.18426 3620 -1 44.9562 0
1.67243 -1.57488 3921 -1 37.141 0
1.20368 -0.832696 3584 -1 49.9699 0
1.47711 -1.57488 3755 1 45.8036 0
0.9693 -1.37957 3808 1 44.0861 0
1.2818 -0.910821 3618 -1 50.9451 0
1.32086 2.40949 3580 -1 48.0606 0
-0.671325 2.72199 3619 -1 50.7544 0
1.39899 -1.34051 3588 -1 51.5537 0
1.24274 -1.37957 3804 1 48.0508 0
1.2818 -1.34051 3547 1 50.024 0
1.08649 -1.22332 3680 1 40.5688 0
1.55524 -1.34051 3924 -1 41.6077 0
0.734925 -1.34051 3744 1 45.4877 0
1.20368 -1.1452 3744 1 48.0202 0
3.19586 -1.30145 3683 1 50.6258 0
1.24274 2.56574 3756 1 48.9496 0
1.16461 2.6048 3811 1 49.478 0
2.18024 -1.26238 3801 -1 46.0353 0
1.08649 -1.30145 3824 1 47.3513 0
1.30114 -1.3996 3850 1 6.54563 0
1.30114 -1.3996 3986 1 10.321 0
1.30114 -1.24335 3870 -1 3.19381 0
1.18395 -1.3996 3867 -1 34.5449 0
1.18395 -1.59491 3870 -1 45.9607 0
1.37927 -1.3996 3956 -1 11.3677 0
1.10583 -1.59491 3955 -1 43.753 0
1.92614 -1.55585 4015 -1 16.6141 0
1.18395 -1.24335 4016 -1 32.6369 0
1.53552 -2.0246 4014 -1 36.4877 0
1.57458 0.319151 4016 -1 48.5162 0
0.402703 -1.59491 4026 -1 44.7795 0
3.2152 -2.0246 4020 -1 46.4695 0
1.10583 -1.0871 4021 -1 47.0579 0
1.41833 -1.55585 3941 1 19.3722 0
2.00427 -1.43866 3939 1 41.4881 0
1.22302 -2.37616 4013 -1 48.5735 0
1.18395 -1.51679 4043 -1 38.9775 0
1.45739 -1.20429 3890 -1 30.8038 0
1.18395 -1.55585 3888 -1 39.9283 0
3.13708 -1.59491 4012 -1 51.3103 0
1.41833 -1.3996 4084 1 46.7677 0
1.18395 -0.657412 4101 1 40.9796 0
1.18395 -1.47772 4101 1 49.0448 0
-0.0269845 0.00665056 4185 1 -47.5999 0
1.18395 -1.63397 4085 1 51.0259 0
-0.0269845 0.00665056 4191 1 -34.1406 0
0.285516 -0.735537 4191 1 43.1045 0
-0.573859 0.241026 4188 1 40.6671 0
0.012078 -0.0324119 4210 1 -8.57002 0
1.18395 -0.618349 4197 1 47.7317 0
-0.417609 -1.36054 4196 1 47.8352 0
-0.964484 -1.55585 4197 1 49.2365 0
1.37927 -1.43866 4202 1 48.4427 0
0.988641 -1.59491 4193 1 49.7075 0
1.14489 -1.67304 3897 1 43.4237 0
1.14489 -0.813662 3906 1 41.1141 0
1.41833 -1.59491 3913 1 48.3129 0
1.61364 2.31134 3904 1 50.8071 0
0.754266 -0.813662 3818 1 47.5685 0
1.18395 -1.79022 3911 1 49.5317 0
1.57458 -1.3996 3924 -1 39.3617 0
1.3402 -1.59491 3923 -1 46.8121 0
1.30114 -1.12616 4066 -1 39.7233 0
1.26208 -1.59491 3819 1 50.4519 0
1.10583 -1.00897 3810 1 42.1857 0
1.14489 -1.3996 3809 1 50.5931 0
1.14489 -1.36054 4056 1 39.7607 0
1.14489 -1.47772 4065 -1 47.9747 0
0.988641 -1.79022 3795 1 41.323 0
-2.68323 0.358213 4053 -1 48.1717 0
0.00978474 -0.00978474 4295 1 -42.7336 0
0.00978474 -0.00978474 4315 1 -41.51 0
0.00978474 -0.00978474 4305 1 -40.7234 0
0.00978474 -0.00978474 4253 1 -40.3853 0
0.00978474 -0.00978474 4269 1 -40.3689 0
0.00978474 -0.00978474 4282 1 -39.8467 0
0.00978474 -0.00978474 4234 1 -39.5999 0
0.00978474 -0.00978474 4338 1 -37.6289 0
0.00978474 -0.00978474 4331 1 -37.3236 0
0.00978474 -0.00978474 4354 1 -36.3578 0
0.00978474 -0.00978474 4215 1 -36.1351 0
0.00978474 -0.00978474 4209 1 -35.258 0
0.00978474 -0.00978474 4361 1 -35.0825 0
0.00978474 -0.00978474 4369 1 -34.0953 0
0.00978474 -0.00978474 4375 1 -33.219 0
0.00978474 -0.00978474 4223 1 -32.5925 0
0.00978474 -0.00978474 4382 1 -31.056 0
0.00978474 -0.00978474 4202 1 -30.7344 0
0.00978474 -0.00978474 4397 1 -28.2184 0
0.00978474 -0.00978474 4415 1 -23.5032 0
0.00978474 -0.00978474 4425 1 -20.8551 0
0.00978474 -0.00978474 4431 1 -18.6456 0
0.0488472 -0.0879097 4071 1 48.7768 0
0.0488472 0.185528 4021 1 50.8002 0
0.0488472 -0.00978474 4059 -1 52.6168 0
1.38928 -1.38943 658 -1 18.9014 1
1.31115 -1.23318 384 -1 17.3502 1
1.31115 -1.23318 602 -1 22.4304 1
1.4674 -1.31131 580 1 21.4167 1
1.38928 -1.31131 552 1 24.6469 1
1.4674 -1.38943 366 1 18.6614 1
1.38928 -1.31131 624 -1 27.1583 1
1.4674 -1.31131 332 -1 25.119 1
1.38928 -1.38943 462 1 27.5197 1
1.54553 -1.31131 274 1 25.5371 1
1.23303 -1.38943 242 -1 35.6275 1
1.23303 -1.23318 346 1 34.8758 1
1.31115 -1.38943 566 -1 34.9715 1
1.62365 -1.23318 784 -1 32.1673 1
1.38928 -1.31131 486 1 33.7871 1
1.70178 -1.38943 510 -1 25.1424 1
1.23303 -1.15506 410 1 34.7018 1
1.38928 -1.62381 292 -1 39.0361 1
1.07678 -1.07693 810 1 27.7487 1
1.54553 -1.31131 742 -1 40.5298 1
1.54553 -1.31131 764 -1 35.9528 1
1.31115 -1.23318 220 1 42.9962 1
1.54553 -1.38943 680 1 39.6662 1
1.62365 -1.46756 428 -1 22.0236 1
1.7799 -1.54568 866 1 25.9736 1
1.7799 -1.46756 730 1 37.7318 1
1.62365 -1.38943 934 -1 27.1408 1
-2.36072 6.26682 868 1 46.7539 1
1.4674 -1.46756 696 -1 44.4049 1
1.38928 -1.38943 176 -1 48.5399 1
2.0924 -1.93631 192 -1 35.0397 1
-1.0326 -1.23318 866 1 49.1358 1
1.31115 -1.38943 844 -1 50.834 1
1.70178 -1.38943 908 1 52.86 1
1.31115 -1.46756 894 1 46.5326 1
1.23303 -1.78006 862 -1 43.8417 1
1.31115 2.36057 870 1 51.4323 1
0.410959 0.0587084 1432 -1 7.84116 1
0.410959 0.0587084 1448 1 19.8275 1
0.489084 0.136833 1462 1 16.7076 1
0.567209 0.0587084 1046 1 46.3052 1
0.332834 0.0587084 1270 1 47.1064 1
0.567209 0.371208 1342 1 38.472 1
0.332834 -0.0975416 992 1 47.7742 1
0.723459 -0.0194166 1246 1 40.9808 1
-0.135916 -3.06629 1160 1 35.8679 1
0.410959 0.0587084 694 1 50.1945 1
0.489084 0.371208 930 1 41.1068 1
0.254709 0.0587084 598 -1 48.5985 1
0.410959 0.293083 1160 1 48.3351 1
1.42658 -1.73817 1110 1 25.0757 1
0.410959 -0.331917 1106 1 45.177 1
0.332834 -0.253792 826 1 46.1377 1
-0.682791 0.136833 1364 1 48.8043 1
0.410959 0.136833 610 1 50.0068 1
1.19221 0.0587084 630 -1 42.881 1
0.645334 -0.253792 574 1 42.8238 1
0.489084 0.214958 788 1 49.3033 1
0.410959 0.449333 1308 -1 40.8345 1
2.36408 -0.800667 632 -1 42.4122 1
0.645334 -0.644417 892 1 42.9723 1
0.254709 -0.0194166 874 1 51.402 1
0.410959 0.0587084 1188 -1 51.574 1
0.879709 0.214958 1006 -1 46.376 1
0.254709 -0.175667 1362 1 44.2075 1
0.489084 -1.11317 1204 -1 40.1352 1
0.410959 0.371208 522 1 48.5309 1
0.410959 0.0587084 1386 1 50.2349 1
0.410959 0.449333 916 1 47.2109 1
1.81721 0.214958 540 -1 37.8776 1
1.03596 -0.0194166 804 -1 43.9136 1
0.410959 -0.800667 810 -1 46.025 1
0.410959 0.0587084 802 -1 51.8661 1
0.332834 -0.0194166 1076 -1 42.9688 1
1.19221 3.73058 988 -1 48.3068 1
0.332834 -0.253792 1294 1 45.7613 1
-1.15154 -0.175667 1146 1 48.902 1
-0.0577911 0.0587084 726 -1 46.897 1
-3.65154 0.214958 644 1 50.8438 1
-1.54217 -0.0194166 728 -1 51.098 1
0.410959 -0.488167 528 1 50.3149 1
0.332834 -0.175667 898 1 51.5696 1
0.879709 0.605583 646 1 44.5004 1
1.58283 0.0587084 1408 -1 46.8953 1
0.254556 -0.25425 1512 1 6.40925 1
0.254556 -0.176125 1542 1 21.3432 1
0.254556 -0.176125 1734 -1 22.942 1
0.332681 0.136375 1430 -1 4.33357 1
0.254556 -0.176125 1456 1 34.503 1
0.176431 -0.176125 1592 1 26.5984 1
0.410806 -0.4105 1672 1 34.6045 1
0.410806 -0.176125 1486 -1 39.6544 1
0.254556 -0.176125 1894 1 43.7237 1
0.567056 -0.25425 1106 1 38.2814 1
0.332681 -0.176125 1270 1 47.3777 1
0.879556 1.54262 1362 1 37.8712 1
0.488931 -0.176125 1050 1 46.0033 1
-0.214194 -0.0980002 1772 1 43.4404 1
0.723306 -0.176125 1248 1 41.404 1
-0.682944 -0.0198752 1364 1 44.0054 1
0.410806 1.38637 1772 1 49.3767 1
0.254556 -0.176125 1932 -1 48.8042 1
0.254556 -0.0198752 1912 -1 44.1238 1
0.332681 0.136375 1968 1 31.4767 1
4.23893 0.2145 1922 1 51.1155 1
0.332681 -0.176125 1318 1 52.0273 1
1.03581 -0.957375 1712 -1 36.6151 1
0.488931 0.0582498 1346 1 46.4441 1
0.332681 -0.176125 1364 1 50.4813 1
0.410806 -0.176125 1952 -1 49.9611 1
0.254556 -0.56675 1122 1 45.1663 1
0.645181 -0.957375 1074 -1 32.2391 1
0.332681 0.136375 1562 1 40.8952 1
0.332681 -0.0980002 1292 1 51.8801 1
0.410806 2.402 1140 1 47.8841 1
1.50456 0.292625 1812 -1 37.5378 1
0.332681 -1.6605 1204 -1 39.7054 1
0.723306 -8.06675 1920 1 48.4516 1
1.27018 -0.644875 1820 1 42.6701 1
0.488931 -0.0198752 1868 -1 47.5404 1
-0.448569 -1.73863 1812 -1 40.1629 1
2.05143 -1.89488 1796 1 47.0541 1
0.332681 -0.0980002 1806 -1 50.4189 1
0.332681 -0.332375 1070 -1 49.2231 1
0.332681 -0.0980002 1782 -1 50.2212 1
0.332681 2.48012 1664 -1 45.7046 1
0.488931 -0.176125 1382 1 50.4594 1
0.99789 -1.03733 2030 -1 5.98471 1
1.07602 -1.11546 2044 1 7.76055 1
1.07602 -1.11546 2056 -1 18.0857 1
0.919765 -1.11546 1816 1 22.6805 1
1.15414 -0.95921 2120 1 11.3948 1
1.15414 -1.19358 1788 -1 18.0529 1
1.23227 -1.19358 1840 -1 16.4466 1
0.99789 -1.11546 1960 1 21.4502 1
0.919765 -1.03733 2136 -1 22.6725 1
1.15414 -1.19358 2086 1 12.2586 1
0.919765 -1.03733 2004 1 28.3415 1
0.919765 -1.19358 1884 -1 28.7508 1
0.919765 -1.11546 1802 1 29.8712 1
1.07602 -1.03733 1714 -1 29.9222 1
0.919765 -1.03733 2182 1 33.9273 1
1.15414 -1.19358 1690 1 23.6271 1
0.919765 -1.11546 1652 1 35.8322 1
0.763515 -0.95921 2164 -1 28.7118 1
0.919765 -1.03733 1668 1 40.465 1
1.31039 -1.11546 1634 1 31.8593 1
0.99789 -0.95921 1742 -1 39.0112 1
1.31039 -1.19358 1620 1 32.8896 1
1.15414 -1.11546 2384 -1 34.1396 1
0.763515 -0.80296 1984 1 34.8474 1
0.919765 -1.27171 1588 1 42.4551 1
0.99789 -1.03733 2338 1 40.2326 1
-2.98648 -0.412335 1990 1 48.4296 1
1.70102 -1.34983 2302 1 19.0003 1
1.07602 -1.19358 1934 -1 37.2926 1
0.919765 -0.95921 2304 1 49.2874 1
1.23227 -1.34983 2408 -1 40.4208 1
0.763515 -1.27171 2272 -1 38.3538 1
0.919765 -0.95921 2366 1 45.7614 1
0.99789 -0.95921 2428 -1 44.6764 1
0.763515 -0.95921 2440 1 44.5733 1
0.99789 -1.81858 2248 -1 45.0793 1
2.48227 -1.03733 1560 1 47.5547 1
1.85727 -1.19358 2218 1 42.6927 1
0.84164 0.29079 1552 1 44.9031 1
1.23227 -1.11546 1570 -1 43.0908 1
0.21664 -1.27171 2248 -1 46.2049 1
1.15414 -1.34983 2238 -1 48.1039 1
0.919765 -1.81858 1910 1 49.2867 1
0.958904 -0.919765 2136 -1 22.6672 1
1.11515 -0.99789 2120 1 12.4899 1
0.724529 -0.99789 2060 -1 10.899 1
1.19328 -1.31039 2942 -1 3.56961 1
1.03703 -1.15414 2042 1 9.99005 1
1.11515 -1.38852 2086 1 11.6222 1
1.11515 -1.07602 2826 1 26.3524 1
1.03703 -0.919765 2662 1 32.7805 1
1.03703 -1.15414 2620 1 26.4002 1
0.724529 -0.99789 2164 -1 28.9961 1
1.42765 -0.99789 2082 1 42.6757 1
1.11515 -1.15414 2634 -1 12.6184 1
0.958904 -0.99789 2600 1 35.4232 1
0.958904 -1.07602 2182 1 33.3859 1
0.958904 -0.919765 2892 1 39.2876 1
0.880779 -0.919765 2336 1 39.3479 1
1.5839 -1.38852 2302 1 18.6977 1
0.724529 -0.763515 2378 -1 34.1589 1
1.11515 -0.919765 2916 -1 41.9927 1
1.42765 -0.84164 2490 -1 40.2298 1
0.958904 -0.919765 2428 -1 43.6066 1
0.958904 -0.919765 2194 -1 41.2678 1
1.03703 -0.919765 2326 1 39.6243 1
1.03703 -0.99789 2710 1 44.1642 1
0.958904 -0.919765 2366 1 45.6742 1
1.03703 -0.919765 2560 1 43.9215 1
1.03703 -0.919765 2756 1 44.88 1
0.958904 -0.84164 2408 -1 45.5761 1
1.03703 -1.07602 2546 -1 39.4532 1
1.74015 -1.70102 2864 1 34.7879 1
0.724529 -1.31039 2518 1 45.6898 1
1.5839 -1.31039 2224 1 41.3432 1
0.958904 -0.763515 2102 1 48.2567 1
0.880779 -0.919765 2790 -1 48.744 1
0.724529 -1.23227 2272 -1 38.2219 1
1.19328 -1.23227 2686 -1 33.4948 1
1.2714 -0.763515 2220 1 47.2375 1
2.5214 -0.52914 2230 1 49.8214 1
1.11515 -0.919765 2458 -1 50.7108 1
0.958904 -0.607265 2446 1 50.0678 1
0.958904 -0.763515 2246 -1 42.4554 1
1.11515 -8.73227 2686 -1 50.9329 1
0.177654 0.642735 2226 1 51.2013 1
12.6777 7.20523 2288 1 52.7938 1
0.958904 -0.84164 2352 1 51.0824 1
0.880779 -1.07602 2286 1 48.3275 1
0.646404 0.87711 2286 1 50.8826 1
1.19358 -1.35029 2942 -1 3.9035 1
1.27171 -1.35029 3116 -1 -2.41202 1
1.19358 -1.35029 2726 -1 15.9126 1
1.27171 -1.35029 2844 -1 17.4049 1
1.11546 -1.11592 2634 -1 12.9731 1
1.11546 -1.27217 3220 1 15.6241 1
1.11546 -1.27217 3266 -1 16.1649 1
1.19358 -1.50654 3162 1 16.2088 1
1.19358 -1.35029 2666 1 22.9238 1
1.19358 -1.42842 3400 1 14.8485 1
1.19358 -1.27217 2828 1 24.761 1
1.89671 -1.42842 3086 1 17.715 1
1.19358 -1.42842 3412 -1 28.7131 1
1.11546 -1.35029 2972 1 28.5537 1
1.42796 -1.42842 3016 1 20.2097 1
1.27171 -1.89717 3088 1 32.4448 1
1.19358 -1.27217 3032 -1 27.3567 1
1.11546 -1.27217 3090 1 51.4789 1
1.42796 -1.58467 3450 1 20.8995 1
1.27171 -1.42842 3354 1 24.6257 1
1.27171 -1.27217 2870 1 27.2976 1
1.11546 -1.27217 2898 1 33.9183 1
1.27171 -1.27217 3242 -1 18.8988 1
1.58421 -1.35029 2690 -1 22.3429 1
1.58421 -1.66279 3436 1 35.7103 1
1.19358 -1.27217 3366 -1 40.0042 1
1.27171 -1.35029 3184 -1 30.0948 1
1.19358 -1.19404 3316 -1 32.232 1
1.19358 -1.19404 3058 1 37.7825 1
1.50608 -1.27217 2782 -1 27.3482 1
1.58421 -1.42842 2764 1 35.3376 1
1.19358 -1.35029 3068 -1 49.0802 1
2.05296 -1.58467 2580 1 41.342 1
1.27171 -1.50654 2584 1 44.9735 1
0.881085 -1.35029 3296 1 38.0256 1
1.03733 -1.19404 2598 1 49.3867 1
1.50608 -1.19404 3136 -1 46.6333 1
1.11546 -1.19404 2546 -1 32.861 1
1.11546 -1.27217 2556 1 50.075 1
1.27186 -1.38943 3116 -1 -1.60593 1
1.27186 -1.38943 3468 -1 1.9473 1
1.34999 -1.31131 3870 -1 3.79477 1
1.27186 -1.38943 3848 1 5.31655 1
1.34999 -1.31131 3400 1 15.0028 1
1.19374 -1.23318 3220 1 14.6914 1
1.27186 -1.46756 3160 1 13.5298 1
1.19374 -1.31131 3264 -1 19.3652 1
1.11561 -1.23318 3768 -1 20.4403 1
1.34999 -1.54568 3448 1 21.4474 1
1.42811 -1.46756 3094 1 17.9033 1
1.34999 -1.31131 3728 -1 22.3753 1
1.27186 -1.38943 3354 1 25.8005 1
1.27186 -1.31131 3242 -1 19.5858 1
1.11561 -1.23318 3364 -1 35.2468 1
1.58436 -1.46756 3188 -1 13.0913 1
1.27186 -1.46756 3520 1 29.985 1
1.34999 -1.31131 3660 -1 28.5199 1
1.50624 -1.46756 3940 1 24.6022 1
1.34999 -1.62381 3182 -1 47.8501 1
1.50624 -1.46756 3886 -1 33.0182 1
1.19374 -1.38943 3068 -1 38.2946 1
1.11561 -1.54568 3564 -1 36.0993 1
1.19374 -1.23318 3692 -1 35.8966 1
1.11561 -1.15506 3906 1 35.7876 1
1.11561 -1.38943 3790 1 40.6907 1
1.19374 -1.15506 3316 -1 32.1221 1
1.27186 -1.46756 3608 -1 41.0626 1
1.34999 -1.38943 3498 1 45.8712 1
1.03749 -1.38943 3806 1 44.7358 1
1.42811 -1.15506 3138 -1 41.28 1
1.34999 -1.38943 3548 1 50.1471 1
0.881238 -1.31131 3296 1 36.4565 1
1.58436 -1.31131 3638 -1 46.5941 1
1.42811 -1.46756 3922 -1 44.237 1
1.27202 -1.38959 3848 1 5.31438 1
1.35014 -1.31146 3870 -1 3.7941 1
1.27202 -1.46771 3986 1 9.00423 1
1.42827 -1.31146 3956 -1 11.0179 1
1.27202 -1.31146 4044 -1 20.146 1
1.50639 -1.46771 4020 -1 12.6891 1
1.35014 -1.31146 3728 -1 22.3752 1
1.35014 -1.46771 3940 1 25.4516 1
1.27202 -1.54584 3664 -1 32.0634 1
1.35014 -1.31146 3888 -1 31.6016 1
1.11577 -1.23334 3768 -1 20.44 1
1.27202 -1.46771 3564 -1 36.8095 1
1.27202 -1.46771 3608 -1 41.0626 1
1.50639 -1.46771 3786 1 39.9919 1
1.27202 -1.38959 4100 1 42.7913 1
-0.0561093 0.0166646 4294 1 -38.2701 1
-0.0561093 0.0166646 4306 1 -32.1377 1
-0.0561093 0.0166646 4320 1 -27.7715 1
-0.0561093 0.0166646 4332 1 -26.188 1
-0.0561093 0.0166646 4344 1 -22.9052 1
-0.0561093 0.0166646 4356 1 -19.9363 1
-0.0561093 -0.0614604 4370 1 -18.3032 1
-0.0561093 -0.0614604 4382 1 -16.7901 1
-0.0561093 -0.0614604 4396 1 -14.2417 1
-0.0561093 -0.0614604 4408 1 -11.0014 1
-0.0561093 -0.0614604 4420 1 -7.24946 1
-0.0561093 -0.0614604 4432 1 -2.95794 1
-0.0561093 -0.139585 4446 1 0.914442 1
-0.0561093 0.0947896 4246 1 -6.1201 1
-0.0561093 0.0947896 4234 1 3.17894 1
-0.0561093 0.0166646 4270 1 0.344827 1
1.27202 -1.46771 4248 1 46.8006 1
-0.290484 0.0947896 4214 1 22.936 1
-0.368609 0.485415 4192 1 25.478 1
11.3501 -2.48334 4252 1 48.674 1
1.11577 -0.99896 4064 -1 37.6068 1
4.00639 -1.07709 4260 1 51.6794 1
1.19389 -1.23334 3692 -1 35.8961 1
1.42827 -1.46771 3922 -1 39.6171 1
1.35014 -1.62396 3584 -1 47.2359 1
0.803266 -1.38959 3810 1 42.3132 1
2.05327 1.65729 4084 1 45.2453 1
1.11577 -1.38959 3710 -1 44.2095 1
1.50639 -1.31146 3640 -1 48.0949 1
1.50639 -0.37396 3808 1 50.7747 1
0.0195695 -0.0195695 4376 1 -38.1791 1
0.0195695 -0.0195695 4340 1 -37.4083 1
0.0195695 -0.0195695 4360 1 -37.2295 1
0.0195695 -0.0195695 4416 1 -37.193 1
0.0195695 -0.0195695 4440 1 -36.9349 1
0.0195695 -0.0195695 4324 1 -36.2399 1
0.0195695 -0.0195695 4500 1 -34.906 1
0.0195695 -0.0195695 4512 1 -34.2054 1
0.0195695 -0.0195695 4528 1 -33.5591 1
0.0195695 -0.0195695 4560 1 -32.6629 1
0.0195695 -0.0195695 4574 1 -32.0354 1
0.0195695 -0.0195695 4608 1 -30.6777 1
0.0195695 -0.0195695 4634 1 -30.1403 1
0.0195695 -0.0195695 4672 1 -28.1203 1
0.0195695 -0.0195695 4696 1 -26.7694 1
0.0195695 -0.0195695 4684 1 -26.2648 1
0.0195695 -0.0195695 4722 1 -25.5923 1
0.0195695 -0.0195695 4746 1 -25.0713 1
0.0195695 -0.0195695 4760 1 -24.4833 1
0.0195695 -0.0195695 4734 1 -23.789 1
0.0195695 -0.0195695 4782 1 -23.2725 1
0.0195695 -0.0195695 4810 1 -20.8051 1
-0.0585555 -0.0195695 4844 1 -17.87 1
-0.0585555 -0.0195695 4862 1 -15.8195 1
0.0195695 -0.0195695 4898 1 -8.63362 1
-1.15231 -5.95707 4012 1 41.3943 1
-0.292931 -4.31644 4020 1 44.6763 1
0.0195695 -0.175819 4070 1 50.6174 1
-3.88668 0.527306 4058 -1 49.5003 1
-0.292931 0.0585555 4020 1 49.7684 1
2.77856 -2.77886 1316 -1 18.9014 2
2.62231 -2.46636 768 -1 17.3502 2
2.62231 -2.46636 1204 -1 22.4304 2
2.93481 -2.62261 1160 1 21.4167 2
2.77856 -2.62261 1104 1 24.6469 2
2.93481 -2.77886 732 1 18.6614 2
2.77856 -2.62261 1248 -1 27.1583 2
2.93481 -2.62261 664 -1 25.119 2
2.77856 -2.77886 924 1 27.5197 2
3.09106 -2.62261 548 1 25.5371 2
2.46606 -2.77886 484 -1 35.6275 2
2.46606 -2.46636 692 1 34.8758 2
2.62231 -2.77886 1132 -1 34.9715 2
3.24731 -2.46636 1568 -1 32.1673 2
2.77856 -2.62261 972 1 33.7871 2
3.40356 -2.77886 1020 -1 25.1424 2
2.46606 -2.31011 820 1 34.7018 2
2.77856 -3.24761 584 -1 39.0361 2
2.15356 -2.15386 1620 1 27.7487 2
3.09106 -2.62261 1484 -1 40.5298 2
3.09106 -2.62261 1528 -1 35.9528 2
2.62231 -2.46636 440 1 42.9962 2
3.09106 -2.77886 1360 1 39.6662 2
3.24731 -2.93511 856 -1 22.0236 2
3.55981 -3.09136 1732 1 25.9736 2
3.55981 -2.93511 1460 1 37.7318 2
3.24731 -2.77886 1868 -1 27.1408 2
-4.72144 12.5336 1736 1 46.7539 2
2.93481 -2.93511 1392 -1 44.4049 2
2.77856 -2.77886 352 -1 48.5399 2
4.18481 -3.87261 384 -1 35.0397 2
-2.06519 -2.46636 1732 1 49.1358 2
2.62231 -2.77886 1688 -1 50.834 2
3.40356 -2.77886 1816 1 52.86 2
2.62231 -2.93511 1788 1 46.5326 2
2.46606 -3.56011 1724 -1 43.8417 2
2.62231 4.72114 1740 1 51.4323 2
5.55712 -5.55773 2632 -1 18.9014 3
5.24462 -4.93273 1536 -1 17.3502 3
5.24462 -4.93273 2408 -1 22.4304 3
5.86962 -5.24523 2320 1 21.4167 3
5.55712 -5.24523 2208 1 24.6469 3
5.86962 -5.55773 1464 1 18.6614 3
5.55712 -5.24523 2496 -1 27.1583 3
5.86962 -5.24523 1328 -1 25.119 3
5.55712 -5.55773 1848 1 27.5197 3
6.18212 -5.24523 1096 1 25.5371 3
4.93212 -5.55773 968 -1 35.6275 3
4.93212 -4.93273 1384 1 34.8758 3
5.24462 -5.55773 2264 -1 34.9715 3
6.49462 -4.93273 3136 -1 32.1673 3
5.55712 -5.24523 1944 1 33.7871 3
6.80712 -5.55773 2040 -1 25.1424 3
4.93212 -4.62023 1640 1 34.7018 3
5.55712 -6.49523 1168 -1 39.0361 3
4.30712 -4.30773 3240 1 27.7487 3
6.18212 -5.24523 2968 -1 40.5298 3
6.18212 -5.24523 3056 -1 35.9528 3
5.24462 -4.93273 880 1 42.9962 3
6.18212 -5.55773 2720 1 39.6662 3
6.49462 -5.87023 1712 -1 22.0236 3
7.11962 -6.18273 3464 1 25.9736 3
7.11962 -5.87023 2920 1 37.7318 3
6.49462 -5.55773 3736 -1 27.1408 3
-9.44288 25.0673 3472 1 46.7539 3
5.86962 -5.87023 2784 -1 44.4049 3
5.55712 -5.55773 704 -1 48.5399 3
8.36962 -7.74523 768 -1 35.0397 3
-4.13038 -4.93273 3464 1 49.1358 3
5.24462 -5.55773 3376 -1 50.834 3
6.80712 -5.55773 3632 1 52.86 3
5.24462 -5.87023 3576 1 46.5326 3
4.93212 -7.12023 3448 -1 43.8417 3
5.24462 9.44227 3480 1 51.4323 3
11.1142 -11.1155 5264 -1 18.9014 4
10.4892 -9.86546 3072 -1 17.3502 4
10.4892 -9.86546 4816 -1 22.4304 4
11.7392 -10.4905 4640 1 21.4167 4
11.1142 -10.4905 4416 1 24.6469 4
11.7392 -11.1155 2928 1 18.6614 4
11.1142 -10.4905 4992 -1 27.1583 4
11.7392 -10.4905 2656 -1 25.119 4
11.1142 -11.1155 3696 1 27.5197 4
12.3642 -10.4905 2192 1 25.5371 4
9.86424 -11.1155 1936 -1 35.6275 4
9.86424 -9.86546 2768 1 34.8758 4
10.4892 -11.1155 4528 -1 34.9715 4
12.9892 -9.86546 6272 -1 32.1673 4
11.1142 -10.4905 3888 1 33.7871 4
13.6142 -11.1155 4080 -1 25.1424 4
9.86424 -9.24046 3280 1 34.7018 4
11.1142 -12.9905 2336 -1 39.0361 4
8.61424 -8.61546 6480 1 27.7487 4
12.3642 -10.4905 5936 -1 40.5298 4
12.3642 -10.4905 6112 -1 35.9528 4
10.4892 -9.86546 1760 1 42.9962 4
12.3642 -11.1155 5440 1 39.6662 4
12.9892 -11.7405 3424 -1 22.0236 4
14.2392 -12.3655 6928 1 25.9736 4
14.2392 -11.7405 5840 1 37.7318 4
12.9892 -11.1155 7472 -1 27.1408 4
-18.8858 50.1345 6944 1 46.7539 4
11.7392 -11.7405 5568 -1 44.4049 4
11.1142 -11.1155 1408 -1 48.5399 4
16.7392 -15.4905 1536 -1 35.0397 4
-8.26076 -9.86546 6928 1 49.1358 4
10.4892 -11.1155 6752 -1 50.834 4
13.6142 -11.1155 7264 1 52.86 4
10.4892 -11.7405 7152 1 46.5326 4
9.86424 -14.2405 6896 -1 43.8417 4
10.4892 18.8845 6960 1 51.4323 4
